"scenario","Year","ACCESS.ESM1.5","AWI.CM.1.1.MR","BCC.CSM2.MR","CanESM5","CNRM.CM6.1","CNRM.ESM2.1","EC.Earth3","GFDL.ESM4","GISS.E2.1.G","HadGEM3.GC31.LL","INM.CM5.0","IPSL.CM6A.LR","MIROC.ES2L","MIROC6","MPI.ESM1.2.HR","MPI.ESM1.2.LR","MRI.ESM2.0","NESM3","UKESM1.0.LL","ensemble"
"historical",1850,4.8,8.4,1.1,2.8,5.2,5.9,NA,3.3,2.2,2.6,4,3,4.4,6.2,1.9,0.6,4.3,-0.9,3.4,3.5
"historical",1851,4.7,9,2.3,2.4,3.9,5.3,2.9,2.1,1.2,4,4.2,3.8,4.6,5.5,2.2,1.7,3.5,-1.2,2.8,3.4
"historical",1852,3.8,8.7,1.9,2.3,4.7,5.8,2.8,1.9,0.8,4.2,4.1,3.1,4.4,5.5,2.2,0.8,4.6,-0.8,3.8,3.4
"historical",1853,4.3,9.4,-0.8,3,4.4,5.9,1.5,3.6,1.2,4.3,3.7,2.4,5.7,5.5,2,1,4.8,-0.7,3.4,3.4
"historical",1854,4.1,8.1,1.3,3.1,4.8,5.2,2.5,1.6,0.9,3.5,3.4,3.1,5.2,5.6,2.6,2,2.8,-0.8,3,3.3
"historical",1855,4.5,8.8,-0.1,3.2,5,5.9,3.5,1.2,1.1,3.3,3.4,2.6,4.4,4.6,1.8,1,3.6,-1.7,3.8,3.2
"historical",1856,4.6,9.8,0.5,2.6,3.7,5,1.2,2.1,0.6,3.1,4.1,2.5,5.5,5.7,1.6,0.7,4.6,-1.7,3.2,3.1
"historical",1857,4.8,7.5,2.2,2.6,4.3,5.6,2.2,2.7,0.9,3.3,4.5,3.3,4.1,5.6,1.7,1.3,4.7,-1.4,4,3.4
"historical",1858,4.4,8,0.6,2,4.6,5.1,3,1.2,1.1,3.3,3.6,3.3,4.7,5.7,1.9,1.1,4.8,-1.2,3.4,3.2
"historical",1859,5,7.6,0,3.1,5.2,5.5,2.5,2.1,0.9,4.4,3.3,2.9,5,5.7,1.9,1.1,4.2,-1,4.2,3.3
"historical",1860,4.7,8.8,3,2.6,3.3,5.8,1.9,2.6,0,3.5,3.5,3.9,5.3,6.1,2,0.8,5,-2.2,3.5,3.4
"historical",1861,5,11.1,0.8,3.3,4.3,5.1,1.4,3.3,0.7,3.2,4,2.4,4.2,5.2,2.3,0.8,3.2,-1.4,4,3.3
"historical",1862,4.3,8.8,0.4,2.5,4.7,6.3,2.9,2.1,1.6,4.5,3.3,3,3.9,5.3,1.4,0.3,3.4,-1.8,4,3.2
"historical",1863,5,9.2,1.8,3.1,4.5,5.5,1,2.6,1.3,3.3,3.4,3.4,5.7,5.1,1.6,0.9,4.7,-0.8,2.8,3.4
"historical",1864,4.2,9,2.1,2.4,4.9,5.8,1.6,3.3,1.2,1.2,3.3,2.5,5.9,5.1,1.5,0.8,4.9,-1.2,3,3.2
"historical",1865,4.3,9.6,2.7,2.5,5.2,5.7,1.6,1.6,0.8,3.6,3.6,3.2,4.7,5.8,0.9,0.7,4.5,-1.2,4.3,3.4
"historical",1866,4.3,8.1,1.2,2.5,4.6,5.1,0.6,2.7,0.3,4.5,4.4,3.1,4.7,6.1,2.2,1.1,3.7,-0.8,3.7,3.3
"historical",1867,4.2,8,0.2,2,4.1,6.2,1.8,2.4,0.8,3.4,3.9,2.5,4,5.3,2.1,1.1,4.2,-0.8,3.3,3.1
"historical",1868,4.1,8.2,1.5,2.5,5,5.8,2,3.9,-0.1,3.4,4.7,3.2,3.9,6.2,2.3,0.8,4.3,-1.7,3.7,3.4
"historical",1869,4.8,11.3,0.1,2.6,4.4,5.9,2.9,2.4,1.8,5.1,4.1,2.3,5,5.5,2.2,1.3,5.2,-2,3.5,3.6
"historical",1870,4.6,8.1,-0.1,3.3,5.2,5.5,2.4,3.2,2,4.3,4.3,3.4,4.9,5.2,1.4,0.7,4.3,-1.3,3.1,3.4
"historical",1871,4.4,8.8,1.4,2.9,5.2,6.4,2.8,2.4,1.6,4,3.8,2.8,5.3,5.2,2.4,1.5,3.4,0,3.4,3.6
"historical",1872,4.6,11.2,-0.9,3.2,4.6,5.8,2.9,1.9,0.9,2.9,3,2.8,5.2,6.3,1.7,1,5.1,-1.1,4,3.4
"historical",1873,4.4,10.9,1.1,3,4.7,6.2,2.4,3,2,3.1,3.5,2.7,4.8,5.1,1.3,1,4.6,-0.4,4.4,3.6
"historical",1874,3.7,8.5,1.1,2.5,4.9,5.9,1.6,2.2,0.2,3.1,4,2.6,5.9,6.2,0.9,0.7,4.4,-0.2,3.2,3.2
"historical",1875,4.2,10.6,2.2,3.1,4.1,5.4,0.8,2.2,1,3.5,4.2,3,5.1,5.2,2.1,1.9,5.2,-0.5,4.5,3.6
"historical",1876,4.6,10,1.5,3.4,4.8,5.6,3,2.8,0.6,3.8,4.1,2.5,5.7,5.9,2.3,1.3,4.4,-1,3.7,3.6
"historical",1877,3.8,8,0.5,3.4,4.8,5.7,1.1,3.2,1.3,4.2,3.6,2.3,5,5.9,2.3,1.3,4.6,-1.2,4.1,3.4
"historical",1878,3.8,8.5,1.7,3.1,5.1,5.1,1.6,2.4,0.8,3,3.9,2.8,3.3,5.9,2.2,1.8,4,-1.2,3.8,3.2
"historical",1879,4.4,8.5,1.1,2.3,4.8,5.9,2.2,1.9,0.6,4,3.7,2.3,5.4,6,1.9,1.1,3,-0.3,3.8,3.3
"historical",1880,4.7,10.3,1.1,3.1,4.6,5.5,2.9,1.3,1.8,2.8,4,3.9,5.2,6.2,2.3,1.7,4.2,-1.7,2.3,3.5
"historical",1881,5.2,9.6,3.1,3,5,5.7,1.2,3.7,0.6,3.5,3.2,3.4,5.4,5.5,1.3,0.4,3.4,-0.8,3.5,3.5
"historical",1882,4.9,11.6,0.1,2.7,4.8,5.4,2.7,1.8,2.8,2.8,3.7,3,3.5,5.7,2.4,1.5,3.6,-1.3,3.1,3.4
"historical",1883,4.3,10.3,-1,3.1,4,5.5,2.7,2.9,1.7,3.3,4,3.1,5,5.6,2.1,0.2,5.1,-2.1,3.5,3.3
"historical",1884,3.5,9.7,0,1.5,4.1,5.7,1.4,1.6,-1.5,2.9,3.7,3.1,4.9,4.8,0.1,0.6,4.7,-1.7,3.6,2.8
"historical",1885,3.7,8.9,1.9,2.4,3.2,5.3,0.9,3.4,0.2,4.4,4.1,2.9,4.6,5.3,1.6,0.7,5.2,-1.7,3.3,3.2
"historical",1886,3.7,10.8,0.4,2.3,4.3,5.1,1,2.3,0.9,2.4,3.7,2.6,3.9,4.9,1.4,1.6,3.8,-1.9,3.3,3
"historical",1887,5,8.8,2,2.3,5.7,5.2,2.3,2.6,1.7,2.4,2.8,2.7,5.3,5.4,1.5,1.4,4.3,-1.3,3.7,3.4
"historical",1888,4.4,8.5,1.5,2.2,4.5,4.6,2.8,3.2,0.8,2.3,3.3,2.9,5.2,5.5,0.5,1,4.6,-1.6,3.5,3.1
"historical",1889,4.1,9.9,1.5,2.3,4.2,4.9,1.8,2.7,2,3.6,3.1,2.7,5.1,5.5,1.7,1.3,4.3,0,3.8,3.4
"historical",1890,3.7,9.5,0.9,2,5.1,6.2,2.7,3,0.9,3.4,3.4,2.7,4.8,5.3,0.8,0.6,3.2,-1.5,3.1,3.1
"historical",1891,4.6,9.3,1.8,2.2,4.3,6.3,3,2.9,0.7,2.5,3.7,2.7,4.4,5.1,1.5,0.2,4.3,-1.8,2.6,3.2
"historical",1892,3.7,11.9,0.8,2.4,3.6,5.4,3.4,2.5,0.5,3.9,3.2,3,6.2,5.1,1,1.6,4.8,-1.5,3.1,3.4
"historical",1893,3.5,11.7,1.3,2.8,4.1,5.3,0.8,2.8,2,3,3.6,2.9,4,5.9,1.6,0.8,4.9,-1.9,3.4,3.3
"historical",1894,4.1,9.7,0.8,2.1,4.6,5.5,1.4,3.3,0.8,1.8,3.1,2.4,5.4,5.4,2.2,0.9,4.4,0.4,3.5,3.3
"historical",1895,4.2,9.6,0.7,2.3,4.3,4.9,1.8,2.4,0.4,3,3.3,2.3,4.3,5.1,1.8,1.6,3.2,-0.9,3.2,3
"historical",1896,3.6,9.3,0.1,3.2,4,5.3,1.8,1.5,2.6,4.3,3.3,3.2,5.7,5,2.4,1,3.6,-2.1,3.2,3.2
"historical",1897,4.8,10.4,0.4,2.6,4.2,5.1,1.5,4.5,0.4,3.8,2.6,2.5,5.8,5.6,1.6,1.9,4.6,-0.6,4.2,3.5
"historical",1898,4.6,10,0.8,2,4.6,5.7,0.9,4.8,1,3,3.1,2.8,5.2,4.9,2.7,1.5,4.6,-1.2,3.6,3.4
"historical",1899,4.9,8.6,0.7,2.7,5,5.2,1.6,2.5,0.4,2.5,3.1,2.3,5.2,5.3,3,1.3,3.9,-0.3,3.2,3.2
"historical",1900,4.7,8.4,1.3,1.8,4.6,4.9,2.9,3.3,1.2,3.8,4,3,5.5,5.3,1.3,0.8,4.6,-1,3.7,3.4
"historical",1901,4.3,9.8,0.4,2.5,5,6,3.2,3.6,0.9,3.2,3.4,2.4,5.1,4.8,1.8,1.2,3.8,-1.1,3.5,3.4
"historical",1902,5.1,8.7,0.2,2,5.2,5.6,2.5,2.6,1.5,3.6,4.1,3,4.1,5.1,2.6,2.2,4.6,-1.1,3.1,3.4
"historical",1903,3.1,8.5,0.5,2.6,4.2,5.5,2.1,2.2,0.3,4,4.1,2.3,4.3,4.9,1.8,1.3,3.2,-1.5,2.4,2.9
"historical",1904,3.4,8.9,2.1,1.9,3.3,5.6,2.3,1.6,1.2,2.5,3.8,2.7,5.2,5.6,2.4,1.2,3.3,-0.4,2.1,3.1
"historical",1905,4.8,9.5,1.3,3.2,4.7,5,1.5,2.2,1.1,2.9,3.7,3.5,4.7,5.2,1.8,0.7,5.3,-1.3,3.6,3.3
"historical",1906,5.2,8.9,-0.5,2.3,4.1,5.4,1.9,4.4,1.9,3,3,2.9,4.2,5.2,1.9,1.1,5.5,-1.6,3.9,3.3
"historical",1907,4.2,9.3,-0.6,2,4.5,5.8,3,4.3,-0.1,2.4,2.7,2.7,4.4,5.6,1.8,0,3,-0.8,3,3
"historical",1908,4.4,8.9,0.7,3.1,4.5,5.3,4,1.5,1.1,3.7,3.2,3.4,5.3,5.7,2.2,0.6,4.6,-1.9,3.3,3.3
"historical",1909,4.5,9.7,1,2.6,4.8,5.9,2.4,2.8,1.6,3.1,4.4,3.8,4,5,1.7,0.7,3.9,-1.2,3.5,3.4
"historical",1910,4.7,11.1,0.8,2.5,4.6,6.7,2.1,4,2.1,2.8,4,2.2,4.9,4.6,2,1.6,3.9,0,3.6,3.6
"historical",1911,5.2,10.6,-0.1,3.4,4.9,5.7,2,1.5,0.9,3.5,3.4,3,4.9,5.3,1.8,1.8,4.1,-2,3.4,3.3
"historical",1912,4.5,8.7,-1.7,2.3,3.8,5.3,0.7,1.7,0,3.4,3,2.1,3.6,4.8,1.2,0.8,3,-1.2,2.1,2.5
"historical",1913,4.4,9,1.8,2.4,4.2,4.7,2.9,3.1,1,2.9,3.8,2.5,4.5,5.2,1.9,1.4,4,-1.1,2.6,3.2
"historical",1914,4.4,8.7,1,2.4,4.8,5.6,1.2,4.2,1.8,2.8,3.3,2.9,4,5.4,2.2,1.5,4.5,-1.7,3.8,3.3
"historical",1915,4.8,9.6,0.3,2.7,4.7,5.5,2.5,2.4,-0.1,3.3,3.7,2.2,5.5,5.2,1.5,1.4,4.5,-1.2,3.2,3.2
"historical",1916,4.6,9.1,2.4,2.9,4.3,5.7,3,2.6,0.9,3.8,4.3,2.7,4.8,5.3,0.3,1.8,4.9,-2,3.5,3.4
"historical",1917,4.7,8.8,1.2,2.4,4.1,5.2,2.2,2.8,0.6,3.1,4.4,3.4,4.4,4.8,1.6,1,4.2,0,3.1,3.3
"historical",1918,4.6,10,0.6,2.6,4.3,5.7,2.5,3.9,1.2,3.3,3.8,3.5,3.7,5.4,1.3,1.3,4,-0.4,2.8,3.4
"historical",1919,3.2,11.8,0.5,2.1,5.1,5.6,2.3,3.4,-0.1,3.5,4.4,3.8,5.5,5.3,1.7,1.9,4.2,-0.3,3.2,3.5
"historical",1920,4,8.7,-0.4,2.3,4.9,5.6,2.8,3.6,2.4,3.8,3.9,3.3,4.9,5.2,2,1.6,4.2,-1.2,3,3.4
"historical",1921,4.7,9.9,2.1,3.1,4.5,4.6,2.5,3.8,0.9,2.7,4.1,3.6,6.3,4.9,1.6,1.4,3.2,-1,3.3,3.5
"historical",1922,4.9,9.5,1.4,3.1,4.4,4.9,3.3,2.8,0.6,3.8,3.5,3.2,4.4,6,2.2,1.5,4.2,-0.8,3.6,3.5
"historical",1923,4.4,10.3,1.4,3.2,4.3,5.4,3.1,2.5,1.6,3,3.1,2.9,4.8,5.5,2.9,1.5,4.9,-0.2,4.1,3.6
"historical",1924,4,9.7,1.7,2.8,5,5.9,2.2,2,1.8,4.6,3.2,2.4,4.8,5.4,2.4,2,4.4,-0.7,3.4,3.5
"historical",1925,4.5,8.4,0.2,2.7,4.4,5,3.1,2.5,0.2,2.8,3.9,3,4.8,5.6,1.9,1,4.6,-1.4,3.3,3.2
"historical",1926,3.9,10.8,0.4,3.4,4.6,5.3,2.1,2.9,1.8,3.6,4.1,3.3,5,5.2,2.3,1.9,4,-0.2,4.3,3.6
"historical",1927,4.3,10.2,1.3,2.7,4.8,5.6,2.4,3.3,2.2,3.1,3.8,3,5.8,5.1,3.1,0.7,3.6,-1.1,4.1,3.6
"historical",1928,4.8,8.3,1.3,2.7,4.6,6,1.2,2.8,1,3.8,2.7,3.1,4.7,5.6,2.4,1.1,4.6,-1.1,3.3,3.3
"historical",1929,4.1,8.7,1,3,5.4,5.6,2.2,3.8,1.4,3.6,4.4,3.3,5.4,5.5,2,1.9,3.9,-1.2,4.3,3.6
"historical",1930,4.3,9.5,0.9,3.2,5.1,6.1,3.3,3.3,0.4,4.1,3.8,2.6,3.8,5.4,2.3,2,3.9,-0.3,3.5,3.5
"historical",1931,4.3,8.4,0.8,2.4,5.2,5.4,2.2,2.4,1.1,3.6,3.5,3.2,4.3,5.7,2.7,1,5,-0.2,3.6,3.4
"historical",1932,4.5,9.3,2,3,4.4,4.5,2.4,1.3,0.2,2.5,3.3,4,5.3,5.5,2.4,1.5,3.9,-1.4,3.2,3.3
"historical",1933,4.5,8.6,2,2.5,4.4,4.9,2.1,2.1,1,4.2,4,3.3,5.3,5.2,2.9,2.2,4.3,-1.1,3.6,3.5
"historical",1934,5.5,10.5,1.5,2.4,4.7,6,2.6,2.3,1.1,3.3,3.8,3,5.3,6,2.3,2,4.2,-1.5,3,3.6
"historical",1935,4.7,10.1,1,2.3,4.9,5.2,2.5,1.5,1.8,3.8,3.6,3.3,5,5.3,2.8,1.6,6.2,-0.6,3.8,3.6
"historical",1936,4.5,8.1,0.5,2.4,4.4,5.4,1.4,2.4,0.8,3,4,3.1,4.6,6.1,2.3,2.2,4.5,-1.6,3.6,3.2
"historical",1937,4.7,10.7,1.6,2.6,4.4,4.8,1.5,3.2,1.4,3.7,4,3.4,5.2,6.3,2.1,1.6,4.7,-1.7,3.2,3.5
"historical",1938,4.6,10.1,-1.3,2.3,5.4,5.8,2.4,3.8,0.6,3.5,4,2.8,4.7,5.9,0.7,1.6,3.7,-1.1,4.1,3.3
"historical",1939,4.3,10,-1.2,2.4,4.6,5.6,3.1,3,-0.2,3.8,3.5,2.9,4.8,5.7,2.2,2,4,-0.5,4.7,3.4
"historical",1940,4.6,11.2,-0.2,3.1,3.4,5.8,3.6,2.3,1.5,3.2,3.7,3.8,5.5,5.6,1.9,1.1,3.7,-0.7,2.4,3.4
"historical",1941,5.1,7.9,1.5,3,5,5.9,2.1,3.6,1,4.2,4.2,2.2,5.2,5.9,1.9,1.4,4.3,-1.4,3.8,3.5
"historical",1942,4.8,10.2,1.5,2.5,5,6,1,3,-0.2,4.4,3.9,3.7,5.4,6.3,2.5,1.7,4.8,-0.9,2.9,3.6
"historical",1943,3.9,8.8,1.7,2.9,4.9,5.9,3.3,2.9,1.3,2.1,3.6,3.5,4.6,5.7,2,2,3.3,-0.6,3.6,3.4
"historical",1944,4.7,10.1,1.9,2.3,4,5.5,2.8,4.2,1.9,3.5,4,3.3,4.8,6.4,1.9,1.3,5.1,-0.5,2.6,3.7
"historical",1945,4,9.9,0.5,2.8,4.6,6,3.3,1.8,1,2.4,4.4,3,5.6,5,2.4,2.1,4.9,-1.3,4,3.5
"historical",1946,4.4,11.8,0.8,2.2,4.1,5.1,2.4,3.2,2.1,3.6,4.3,3.2,5.5,5.2,2.4,1.2,3.3,-0.9,3.4,3.5
"historical",1947,4.3,9,0.7,2.7,5,5,1.8,1.8,1.9,3.5,4.2,2.8,5,5.4,2.9,2.2,4.4,0,3,3.5
"historical",1948,4.3,8.5,1.2,2.5,4.3,6.4,2.1,1.8,1.4,2.8,4.4,4.1,5.7,6,1.7,1,5.4,-1,2.3,3.4
"historical",1949,5.2,9.2,1.9,3.3,5.3,4.6,2.3,2.4,0.2,2.5,3.4,4,5.7,6,1.9,1.4,1.7,0.1,3,3.4
"historical",1950,5,9.2,1.3,3.1,4.3,5.5,3.2,3.1,1.6,4.3,2.8,4,5.5,5.9,2.8,1.6,4.7,-0.4,2.7,3.7
"historical",1951,4.6,11,1.6,2.4,5.1,5.5,2.3,3.6,0.2,3.1,4,3.7,4.8,6.1,2.8,1.8,3.9,-1.8,3.4,3.6
"historical",1952,4.7,9.9,1,2.8,4.7,5.7,3.5,3.7,0.9,3.5,3.8,3.2,4,5.6,2.2,1.6,3.7,0,3.3,3.6
"historical",1953,4.6,9.8,0.8,3,4.3,5.9,3.7,2.3,1.8,3.7,4.1,4.8,5.9,5.8,2.8,1.2,3.2,-0.5,3.6,3.7
"historical",1954,5.7,10.9,0.3,2.9,4.7,5.6,3.6,4.5,1.2,4.6,4,3.4,6.1,5.7,2,2,3.5,-1.4,3.6,3.8
"historical",1955,5.2,11.4,0.7,2.5,4.6,6.2,1.8,2.7,0.9,3.5,4.1,3.7,5.6,5.4,1.7,1.6,4.6,-0.8,3.2,3.6
"historical",1956,4.7,9.8,2.1,3,4.5,5.6,2.7,3.2,0.9,3.6,4.5,3.8,4.5,5.9,2.8,2.2,4.5,0,2.8,3.7
"historical",1957,4.7,10.2,0.8,2.6,4.7,4.2,3.5,2.5,-0.5,3.6,3.5,3,5.6,5.4,1.7,1.3,4.5,-1.5,3.7,3.3
"historical",1958,4.7,10.9,1.7,2.9,4.7,5.7,2.6,3.9,2.6,2.5,4.2,3.7,5.5,6.2,2.1,1.6,3.9,-0.2,3.9,3.8
"historical",1959,4.6,9.3,1.7,2.7,4.9,5.4,1.7,2.6,1.3,4,4.1,2.5,5.3,5.2,0.8,1.5,3.6,-0.5,3.7,3.4
"historical",1960,4.1,9.1,0.8,3.1,4.9,5.4,2.3,3.3,1.6,4.2,3.4,4.8,4.6,5.9,1.9,1.8,4.7,-1,3.1,3.6
"historical",1961,4.3,8.8,1.1,3.4,4.2,4.6,4.7,2.3,0.9,3.1,3.8,3.3,5.6,5.2,2.1,1.5,4.3,-1,3.6,3.5
"historical",1962,4.5,9.9,1.9,2.3,4.9,4.8,1,3.4,0.7,2.4,4.3,3.1,4.3,5.7,2,1.8,3.6,-0.4,3,3.3
"historical",1963,4.2,11.6,0.2,2.4,4.6,6.2,1.5,1.7,0.5,3.8,4.4,3.3,5,5,2.5,1.6,4.4,-0.8,2.4,3.4
"historical",1964,4.4,9.7,-1.1,2.8,3.8,5.8,3.5,2.8,1.2,3.4,3.8,2.6,3.7,5.4,1.9,2,3.8,-0.6,2.1,3.2
"historical",1965,4.2,10.7,2.7,2.2,4.2,5.8,2.9,2,1.2,2.7,3.6,2.8,5.3,5.2,2.8,1.7,3.2,-1.1,2.1,3.4
"historical",1966,4,9.4,0.5,2.3,4.4,5.3,2.2,2.8,-0.2,2.5,3.7,2.8,5.4,4.8,1.7,1.8,3.4,-0.7,2.5,3.1
"historical",1967,4.3,8.9,1.2,2,4.9,5.8,1.8,3.2,-0.4,3,3.7,3.1,4.3,5.6,2.3,1.4,3,0.2,2.4,3.2
"historical",1968,4.3,9,0.3,2.3,5.3,5.4,2.2,2.2,0.8,2.5,4.4,3.1,4.7,5.3,2.5,1.7,3.2,-1.3,1.5,3.1
"historical",1969,4.4,10.1,2.1,2.2,5.1,5.7,2.1,2.2,0.9,2.6,3.5,3.6,4.5,5.6,3,1.4,4,-0.3,2.8,3.4
"historical",1970,5,10.2,0.4,2.5,4.8,5.7,0.9,2.9,1.2,4,4.5,3,5,4.9,2.9,1.3,2.9,-1.8,2.6,3.3
"historical",1971,3.8,10,0.4,2.2,4.7,5.3,1.9,3,0.9,2.8,3.8,3.4,5.6,5.2,2,1.5,2.2,-0.9,2.6,3.2
"historical",1972,3.8,7.3,0.7,2.3,3.7,5.5,3.1,2.9,0.5,3.2,3.7,3.3,5.1,6,2.8,2.3,3.4,-1.7,3.1,3.2
"historical",1973,3.8,10.2,1.2,2.3,4.7,5.2,1.1,2.2,1.3,2.6,3.4,3.5,5.1,5.2,2.2,1.8,3.7,-1.5,3.1,3.2
"historical",1974,3.7,11.7,1.2,2.8,4.7,4.2,1.9,2.5,2.1,2.8,3.6,2.3,5,5.1,2.3,1.6,4,-1,2.9,3.3
"historical",1975,4.3,9.1,1.5,2.9,3.8,5.8,2.9,1.6,-0.1,3,4.2,4.2,6.1,5.6,2.3,0.8,2.8,-0.5,2.6,3.3
"historical",1976,4.3,8.6,1.8,1.9,3.9,4.3,2.5,2,1,3.5,3.6,3.7,5.4,6,2.8,1.6,4.1,-1.4,2.1,3.2
"historical",1977,4.1,9.6,0.2,2.7,4,5,3.1,3.8,0.8,3.2,4.2,3.6,4.4,6,2.8,1.8,4.5,-1.8,2.5,3.4
"historical",1978,4.2,9.5,0.8,3.3,4.7,5.8,3.1,1.9,0.4,1.7,4.2,3.9,4.8,5.7,1.5,1.9,3.1,-0.3,3.2,3.3
"historical",1979,4.2,10.2,0.6,2.4,4.4,6.6,1.4,1.6,-0.2,3.4,4.2,4.1,5.3,5.3,2.2,2,4.1,-1.5,3,3.3
"historical",1980,4.5,8.4,0.1,2.5,4,5.3,0.8,2.3,1.6,3.6,3.8,3.7,5.9,4.8,2,1.2,3,-1.8,3.1,3.1
"historical",1981,5.2,10.6,1.3,2.2,5.2,5.1,2.5,2.8,1.4,2.7,3.6,2.8,4.3,5.3,2.5,2.5,3.1,-1,2.8,3.4
"historical",1982,4.9,8.5,1.4,3,4.6,5.2,2.6,2,-0.2,2.7,4,3.9,5.3,5.2,2.7,1.4,4.1,-2.1,2.8,3.3
"historical",1983,4.9,9.8,0.7,2.8,5.8,4.2,1.3,2.3,0.4,3.5,2.9,3.7,4.3,5.6,2.1,1.6,2.9,-0.9,2.7,3.2
"historical",1984,3.7,10.3,-0.1,3.4,4.2,5.5,2.2,1.8,1,1.8,3.6,3.5,4.5,5.9,1.8,1.7,4.9,-0.2,3.1,3.3
"historical",1985,4.8,8.2,0.7,2.2,4.9,5.8,3.4,2.1,1.6,2.9,3.4,3.2,4.5,5.3,2.5,1.5,4.2,-1.7,3.5,3.3
"historical",1986,5.3,10.7,0.3,2.9,4.4,5.4,4.1,2.8,0.1,1.4,3.2,4.2,5.3,5.5,2.4,2,4.3,-1.7,2.8,3.4
"historical",1987,4.6,10.6,0.8,2.3,4.6,5.3,2.5,2.2,1.1,2.5,3,3.4,5.6,5.8,2.8,2.6,4.6,0,3.3,3.6
"historical",1988,4,10.1,0.7,2.1,4,5.7,1.4,3.5,0.7,3.2,4.2,3.2,5.9,6,2.1,2.1,2.8,-1.2,2.8,3.3
"historical",1989,4.6,9.8,1,3.3,4.1,5.7,4.5,2.2,2.6,2.6,3,4.5,5.5,6,2.2,1.7,3.8,-1.3,3,3.6
"historical",1990,4.4,11.9,0.8,2.6,5,5.8,2.9,3.2,1.8,2.9,4.5,3.9,5.1,5.2,2.2,2,4.4,-1,2.5,3.7
"historical",1991,4.2,9,1.8,2.5,5,5.9,3.1,3.1,1.1,1.8,4.3,3.7,5.3,6.3,2.8,2.2,4.1,-0.3,3.5,3.7
"historical",1992,4.4,9,-0.9,2.9,4,5.5,2.7,1.9,1.4,3,3.6,3.4,5.1,5.4,2,1.7,2,-0.7,2.4,3.1
"historical",1993,4.4,9.8,0.5,2.8,4.8,5.8,1.6,2.1,1.7,2.8,3.3,3.9,3.8,5.7,2,2,3.5,-1.3,2.5,3.2
"historical",1994,5,10.3,2,3.3,4.9,5.5,2.2,2,1.3,3.8,3.9,4.1,3.9,5.3,2.7,1.6,4.1,-2.4,3,3.5
"historical",1995,4.5,9.1,1.7,3.3,5.4,6.3,0.9,2,0.5,4,3.5,3.8,5.2,5.5,3.5,2.3,3.5,-0.8,2.8,3.5
"historical",1996,4.6,9.8,0.3,3,4.8,5.5,3.3,2.4,1.2,2.6,3.9,3.8,6.3,5.8,2.8,2,5.9,-0.9,3.2,3.7
"historical",1997,4.3,8.6,2.2,2.9,5.2,5.4,3.2,2.6,0.6,2.6,4.8,3.4,5.6,5.5,2.4,2.1,3.1,-0.6,3.6,3.6
"historical",1998,4.3,11.9,1.7,3.1,4.7,6.1,4,3.4,1.8,3.5,4.2,4.2,4.6,5.8,3.4,1.9,4.9,-0.3,4.4,4.1
"historical",1999,5.2,9.6,2.1,2.7,4.8,5.9,2.9,3.8,1.3,1.8,4.7,4.4,3.8,5.9,3.4,2.3,4.4,0,4.2,3.9
"historical",2000,4.9,10.4,2.5,3.1,5.4,5.4,2.3,3.2,0.8,4.5,4.7,4.4,4.7,6,3.1,2.6,4.3,-0.6,3.6,4
"historical",2001,4.9,8.4,2.4,3.2,4.2,5.6,2.9,3.6,1.4,5,4.6,4.4,5.8,5.9,3.1,1.9,5,-0.9,4,4
"historical",2002,5.1,9.8,1.6,3.5,5.3,6.3,4,2.6,0.9,4.1,4.4,4.1,6.6,5.8,3.6,1.4,5,-1,4.4,4.1
"historical",2003,5.3,9.3,2,3,4.6,6.4,3.9,3.3,1.8,3.4,4.3,5,5.9,6.2,2.8,2.2,4.5,-0.2,4.5,4.1
"historical",2004,4.6,8.8,1.9,3.5,5.1,5,4.5,3.3,2,3.6,4.7,4.4,5.5,6.6,2.6,2.4,5.3,0.3,3.8,4.1
"historical",2005,5.3,11.2,2.6,2.9,5.1,6.4,3.4,3.1,2.1,3.9,5.4,4.5,5.6,6.3,2.5,2,5.7,0.1,3.7,4.3
"historical",2006,4.8,11.4,1.8,3.2,5,6.2,3.5,3.6,0.7,5.2,5,4.3,5,6.2,3,2.4,5.1,-0.5,4.2,4.2
"historical",2007,5.4,10.3,3.5,2.9,5.7,5.9,3.8,3.8,0.6,4.7,4,3.6,6.4,5.9,3.2,2.2,4.6,-0.3,4.1,4.2
"historical",2008,5.2,11.6,1.2,3.3,5,6.3,3.3,3.3,0.6,4.8,4.5,4.2,5.5,6.7,3.2,2.1,4.6,-1,3.5,4.1
"historical",2009,6.2,10.3,0.3,3.1,5.8,6.2,2.7,2.6,1.3,5.5,3.7,5,5,6.5,2.9,2.4,4.5,0.7,4.5,4.2
"historical",2010,5.9,9.7,1.7,3.3,6.1,5.8,5.5,2.9,1.7,3.3,4.9,4.3,5.4,6.4,1.8,1.9,5.1,0.7,4.7,4.3
"historical",2011,5.3,8.7,3.1,4.2,5.9,6.3,4.7,2.8,2.1,3.9,4.8,4.7,4.8,6.5,1.9,3,4.8,0.1,4.8,4.3
"historical",2012,5.5,10.4,0.9,3.8,5.7,6.5,3.7,3.7,1.8,4.6,5.5,4.2,5.3,6.3,3.3,1.9,4.8,-0.4,4.6,4.3
"historical",2013,5.1,11.7,2.1,4,6.5,6.5,1.9,3.1,2,4.3,4,5.5,6,6.4,1.6,2.8,4.1,-0.2,4.4,4.3
"historical",2014,4.7,10,3.4,4.1,5.7,6.6,4.3,3.4,0.4,4.2,4.7,4.7,5.8,7,4,2.5,5,0.9,5.6,4.6
"ssp126",2015,5.1,9.3,1.1,4.6,5,8.6,3.5,2.8,0.7,4.1,5.9,3.9,6.7,7.2,4,1.3,3.6,0.1,4.4,4.3
"ssp126",2016,5.4,10.7,2.6,4.3,5.9,6.1,2.5,3.4,2.3,6.6,6.1,3.8,5.3,6.8,0.7,2.3,3.7,0.4,3.4,4.3
"ssp126",2017,5.8,9.5,4.3,4,5.7,6.5,3,3.8,0.9,4.9,5.5,5.1,4.3,6.5,2.5,2.6,6.1,1.4,5.8,4.6
"ssp126",2018,6.6,10.2,2.7,3.8,5.6,6.5,5.3,2.3,1.2,6.1,4.8,4.8,5.7,6.8,2.9,2.8,5.9,1.9,4.7,4.8
"ssp126",2019,5.9,12.4,0.6,4.1,5.7,8.4,4.5,3,1.9,4.7,4.6,6,6.8,6.5,3.9,2.4,6,0.1,5.9,4.9
"ssp126",2020,6.3,10.7,1.3,4.4,5.8,6.3,5.2,3.4,1.3,4.5,4.9,5,5.2,6.5,4.1,2.8,6.1,0.2,4.5,4.7
"ssp126",2021,6.3,11.8,4.7,4.4,6.7,6.8,3.9,2.8,1.4,4.4,6.9,6.1,5.6,7,2.5,3.1,5,1.1,5,5
"ssp126",2022,5.6,11.5,3.3,4.8,5.6,7.1,4.2,2.8,2.4,6.5,3.6,5.5,5,5.9,4,3,4.4,0.1,5.8,4.8
"ssp126",2023,6.6,11.1,3,5.3,6.6,6.1,3.1,1.4,2,3.8,5.5,4.4,5.8,6.5,3.1,2.9,3.9,0.8,5.4,4.6
"ssp126",2024,6,11.7,0.4,5.1,5.6,7.6,4.4,3.2,2.1,7.9,5.3,5.7,8.2,7.6,4.2,2.2,4.6,0.4,5.2,5.1
"ssp126",2025,5.7,13.4,3.4,4.9,5.6,6.9,3.6,7.6,2,5.6,5.7,5.4,6.3,6.3,2.6,3,5,-0.5,5,5.1
"ssp126",2026,6.1,11.2,0.2,4.8,6.5,6.3,5.2,2.3,1.9,8.1,4.3,4.8,5.8,7.2,3.4,2.4,6.1,0.7,4.9,4.9
"ssp126",2027,6.5,11.5,-0.5,4.7,6.7,7.7,4.8,1.9,2.6,6.1,5.3,5.5,4.3,6.9,1.9,3.4,6.8,3.1,5.1,5
"ssp126",2028,6.6,9.6,2.6,4.4,6.7,6.4,3.8,5.5,2.7,5.5,5.7,6.2,5.7,7.5,4.6,2.5,4.8,0.2,6.1,5.1
"ssp126",2029,6.4,10.8,3.3,5,5.7,6.5,3.9,3.7,2,4.2,6.1,5.8,6.5,7.1,3.3,3,7.3,0.8,6,5.1
"ssp126",2030,6.4,10.7,3.2,5,5.9,7.2,5.2,6.2,1.4,2.5,4.9,6.2,6.4,7.3,2.8,3,4.4,0.6,5.5,5
"ssp126",2031,6.4,9.9,1.8,5.2,5.7,7.2,4.5,3.9,2.2,5.8,3.6,5,5.9,7.8,3.8,2.6,6.3,-0.4,5.5,4.9
"ssp126",2032,5.9,12.4,4.9,5.1,6.1,7.8,5.1,3.8,2.5,5.8,4.8,5,6.7,7.1,2.9,2.7,8,1.9,4.8,5.4
"ssp126",2033,6.1,9.8,2.2,5,6.4,7.2,4.3,3.2,2.5,4.9,5.8,5.7,8.5,7.1,2.2,2.3,5.6,1.4,5.6,5
"ssp126",2034,6.7,12.2,5,4.6,5.8,5.8,5,4.2,2.3,6.3,5,5.9,5.7,6.7,2.1,2.5,3.3,2.4,5.8,5.1
"ssp126",2035,7.2,14.5,4.7,4.8,6.4,6,4,5.6,2.1,1.9,6.3,6,6,7.8,4.3,3.4,3.1,1.6,5.9,5.3
"ssp126",2036,6.8,14.1,3.6,5.4,5.1,7.6,4.4,3.6,1.8,5.6,5.1,6.6,7.4,7.4,5,2.3,4.8,1.2,7,5.5
"ssp126",2037,6.8,9.8,-0.7,4.9,7.1,6.9,5.9,4,2.5,5.6,5.9,6.9,5.9,6.6,3.2,2.5,6,0.3,6.4,5.1
"ssp126",2038,7.5,8.8,4.5,5.4,6.6,6.8,5.5,3.9,2.3,3.5,4.7,5.8,7.1,7.7,5.5,3.9,5.8,0,6.5,5.4
"ssp126",2039,7.2,12.7,3.2,6,6.6,6.7,5.6,5.8,2.3,5.8,5.4,6.9,6.2,7.4,5.9,3.2,7,0.8,6.6,5.9
"ssp126",2040,5.9,10,2.9,5,6.1,7.9,4.4,4.3,2,5.2,6.9,6.4,5.3,7.9,3.9,2.9,5.2,1.6,6.4,5.3
"ssp126",2041,7.5,8,2,5.5,7.1,7.6,5.3,4.4,3.1,5.6,6,6.5,5.6,6.9,2.5,2.5,7.3,0.9,6.9,5.3
"ssp126",2042,7.7,7.9,3.4,5.4,6.7,7.3,3.9,3.8,2.5,6.9,5.3,6.7,7.4,7.1,2.7,3.9,6.1,1.9,6.8,5.4
"ssp126",2043,6.9,9.5,3.7,5.1,7.2,6.6,6.1,4.9,2.3,7.3,6.1,7.1,8.2,8.4,4.6,3.2,5.8,-0.5,6.5,5.7
"ssp126",2044,6.3,12.8,3.7,4.6,5.3,8,5,5.6,2.9,7.3,6,5.5,4.9,7.7,3.1,2.8,7.3,1.1,6.3,5.6
"ssp126",2045,6.3,14.4,1.8,6.1,5.8,7.9,5.1,4.9,2.9,5.6,6.5,6.5,5.9,7.2,4.3,2.8,7.4,1.7,7,5.8
"ssp126",2046,6.2,8.8,3.4,5.6,6,7.3,6.5,3.3,2.5,8.2,6.7,5.5,8.1,7.6,4.2,3.1,6.6,0.1,6.5,5.6
"ssp126",2047,6.7,12.5,3.2,5.5,6.6,7,5.1,4.9,3.3,5.4,5.5,5.6,7.3,7,3.6,3.3,5.5,1.9,7,5.6
"ssp126",2048,7.4,10.9,1.7,5.6,6.9,8.1,4.2,4.3,3.2,7.1,6.4,5.6,6.5,7.3,3.5,3.5,3,1.1,6.2,5.4
"ssp126",2049,8.1,12.5,2,5,6.9,8.4,5.5,2.6,2,7.5,4.9,5.9,6,7.9,2.7,3.8,5,1.9,6.9,5.6
"ssp126",2050,7.2,8.5,3.5,5.4,6.1,8.1,4.5,3.6,1.9,6.2,4.9,5.6,8.2,7.3,4.3,3.1,5.6,0.6,5.6,5.3
"ssp126",2051,7.9,13,3.8,5.7,5.9,7,4.8,4.6,3.3,6.9,6.5,6.7,6,8.2,3.2,3.1,6.1,0.6,6.4,5.8
"ssp126",2052,7,13,4.2,6,7.5,6.8,5.7,3.8,3,5.1,5,5.8,7.8,7.8,3.3,3.6,4.9,1.2,7.1,5.7
"ssp126",2053,6.7,14.1,5.8,5.8,6.8,6.8,5.1,4.8,2.2,4.5,5.3,6.6,5,7.7,5.4,3.2,6.1,2.5,7.1,5.9
"ssp126",2054,6.9,12.6,5.3,6.2,6.4,7.2,5.7,2.8,2.3,7.2,5.1,6.9,7.2,7.7,4,3.1,5,1.6,7.4,5.8
"ssp126",2055,6.9,10.2,2.9,6.3,6.1,7.7,5.5,5.7,2.6,6.3,4.3,6.4,8.1,7.6,4.4,3.1,6.3,2,7.9,5.8
"ssp126",2056,7.1,15.3,6.4,6.5,6.2,7.1,6.3,6.3,3.1,2.6,7.3,6.2,6.7,7.4,3,3.2,6.8,1.9,6.2,6.1
"ssp126",2057,7.3,15.2,0.4,5.7,6.3,6.6,5.2,4.5,2.4,7.2,4.8,6.9,6.9,7.6,4.7,3.8,5,3.3,6.9,5.8
"ssp126",2058,7.4,8,4.5,5.8,7,8.1,5.6,6.8,2.5,4,3.9,6.2,6.4,7.5,3.5,3.7,6.7,2,7,5.6
"ssp126",2059,6.7,9.7,3.8,5.4,6.6,7.9,4.6,4.8,2.2,5.8,4.4,7.2,6.2,7.7,5.1,3.5,6.4,0.6,6.8,5.5
"ssp126",2060,7.4,14.1,3.2,5.7,6.5,7.8,5.5,3.9,2.8,5.6,5,6.2,7.3,7.9,3.5,2.8,5.3,0.7,7.6,5.7
"ssp126",2061,7.4,14,1.2,5.7,6.8,7.3,5.7,7.6,3.5,7.5,5.5,6.7,8.2,7.7,3.7,2.6,5.7,1.3,6.9,6.1
"ssp126",2062,7.6,11.4,4.5,5.6,6.4,7.8,4.9,6.7,2.3,9,5.3,7.2,6.8,7.4,3.5,2.7,7.2,2.4,6.4,6.1
"ssp126",2063,7.8,15.2,4.1,5.4,6.6,7.5,4.9,5.6,2.9,5.8,8.8,6.4,8.5,7.7,4.7,3.4,6.5,1.2,7.6,6.3
"ssp126",2064,7.4,10.1,1.3,5.1,6.4,6.6,5.6,5.8,2.5,2.9,5.3,6.9,6.9,7.8,1.8,3.3,5.7,1,7.5,5.3
"ssp126",2065,7.5,12.1,2.9,5.9,6.3,6.8,5.9,5.3,3.4,8.1,6.4,5.3,4.2,7.4,2.9,2.8,6.8,0.7,6.9,5.7
"ssp126",2066,7.6,12.5,2.3,6.1,6.3,8.1,5.2,4.9,3.4,7,4.8,6.8,5.6,8.2,3.4,3.9,5.9,1.4,6.8,5.8
"ssp126",2067,7.5,8.5,2.2,5.6,7.1,6.7,5.9,4.7,2.4,8.5,5,5.9,7.9,7.9,4.8,3,6.2,2.8,7.9,5.8
"ssp126",2068,7.3,10.5,2.6,6.2,6.8,7.9,4.7,5.8,4.1,5.8,6.3,7,8,8.2,4.2,2.8,6.8,2.3,8.5,6.1
"ssp126",2069,7.3,13,2.4,6.3,6.4,6.6,4.4,4.9,3,6.2,5.1,6.3,6.9,8,2.6,2.5,5.7,0.6,6.3,5.5
"ssp126",2070,7.8,8.7,1.8,6.1,6.4,7.4,5.7,4.5,2.4,5,5.9,7.2,7.6,7.8,3.3,2.8,6.2,1.9,6,5.5
"ssp126",2071,7.7,10.2,5,6.6,7.1,7.7,6.4,4.8,3.1,6.9,6.3,5.8,5.9,7.6,2.1,2.8,7.5,1.6,7,5.9
"ssp126",2072,7.3,13.9,2,5.9,7.1,7.7,4.7,6.5,2.6,9.5,5.7,6.9,7.1,8,2.5,2.6,4.2,1.9,7.5,6
"ssp126",2073,8,13,2.3,6.1,7.6,6.5,6.3,5.3,3.1,7.2,4.5,7,8.2,7.6,3.5,2.9,5.3,1,6.6,5.9
"ssp126",2074,8,10.7,4.2,5.8,8,7.5,6.4,3.4,2.5,4.6,5.7,7,6.9,7.6,4,3.5,5.3,2.9,7.1,5.8
"ssp126",2075,8.4,10.6,6.6,5.5,7.4,7.5,7.1,4.6,2.7,8.4,5.2,7.1,7.8,8,3.3,2.8,6.6,2.5,7.9,6.3
"ssp126",2076,7.7,9.3,3.2,5.6,6.8,6,6.7,4,2.4,8.4,4.3,7.1,5.1,7.8,2.4,2.5,5.7,0,7.1,5.4
"ssp126",2077,7.7,13.7,4.4,6.2,6.2,8,4.6,5.9,3.6,8.6,7.6,6.9,6,7.7,3.5,2.8,5.4,-0.4,9,6.2
"ssp126",2078,7.5,14.7,2.9,5.8,5.8,7.1,6.6,4.7,3.7,8.3,4.9,5.9,8.6,7.9,4.2,2.1,6.1,1.5,6.1,6
"ssp126",2079,7.8,12.3,4,6,7,8.5,5.8,5.5,3,8.9,6.5,6.7,7.2,7.6,3.5,3.3,9.3,0.6,7.5,6.4
"ssp126",2080,7.4,12.1,0.8,6.3,7.6,8,4.4,3,3.5,10.5,4.7,5.7,6.4,8.3,2.9,3.4,6.1,-0.6,6.9,5.7
"ssp126",2081,7.2,12.7,2.4,5.8,7.1,7.6,5.1,5.5,3.5,5.5,7.3,5.9,5.7,7.4,4.3,3.2,6.8,1.8,8.5,6
"ssp126",2082,7.7,9.3,4.7,6.1,6.5,8,6,5.2,2.5,5.9,4.7,6,6.5,7.4,3,2.7,2.5,1.4,7.6,5.5
"ssp126",2083,8.2,13.4,1.6,5.9,6.3,7.3,6.2,5,3.4,8.8,4.7,5.8,7.7,7.7,3.6,3.4,7,2.4,7.2,6.1
"ssp126",2084,7.6,10.9,5,5.9,6.9,7.6,5.8,4.3,2.3,8.1,5.6,7.4,7.7,7.4,5.4,2.3,5.6,0.6,8.8,6.1
"ssp126",2085,7.5,15.2,4.8,5.7,7.5,7.2,6.1,3.7,1.6,7.1,5.5,6.5,7.6,8.1,3,3,6.1,0.9,7.7,6
"ssp126",2086,8,9.8,1.9,5.6,6.5,7.8,6.2,5.2,4,6.6,5.7,5.9,6.3,7.3,3.3,3.1,6.8,0.1,8.1,5.7
"ssp126",2087,7.8,12.3,3.9,5.7,7.2,7.8,6.1,5.5,2.4,7.6,5.7,6.2,7.4,7.2,4.8,3.3,5.9,2,7.9,6.1
"ssp126",2088,6.6,11.9,3.6,5.7,6.4,6.7,3.1,4.3,2.2,6.6,4.1,7,5.1,7.1,4.6,3.1,6.6,0.7,5.9,5.3
"ssp126",2089,6.9,10.9,3.8,6.2,7.2,7.8,5.1,4.2,2.5,8.3,5.2,6.7,7,7.4,4,3,6,0.7,8.5,5.9
"ssp126",2090,7.9,9.9,3.7,6.2,6.4,8,5.5,5.1,2.8,8,5.5,6.6,6.9,7.2,5.7,3,7.8,1.2,7.1,6
"ssp126",2091,7.3,9.2,2.8,5.9,6.8,7.3,6.2,3.3,3.2,10.1,3.8,6.3,7.9,7.4,3,2.5,6.4,2.2,7,5.7
"ssp126",2092,7.8,13.3,4.1,5.8,6,7.5,5,4.2,2.8,6.5,5.6,5.4,8,8,4,2.2,6.5,1.2,8.3,5.9
"ssp126",2093,7.6,12.7,0.5,5.6,7.1,7.5,5.3,4.7,2.8,8.3,5.2,7.1,5.7,7.5,3,3,5.6,2.4,8.2,5.8
"ssp126",2094,6.9,10,4.8,6.2,7.9,7.1,5.4,5.6,4.6,8.6,5.5,7.4,5.7,7.9,3.8,3.4,6.4,1.2,8.6,6.2
"ssp126",2095,7.4,8.9,4,6,6.7,6.5,5.4,3.3,2.9,4.7,4.7,6.6,6.3,7.2,2.3,2.7,5.6,1.2,6.5,5.2
"ssp126",2096,7.3,11.2,1.6,5.8,5.9,6.5,5,6.3,3.5,8.5,6.2,6.3,9.3,7,3.2,3.5,7.3,2.2,7.5,6
"ssp126",2097,7.4,10.3,4.6,6.3,6.5,6.8,5.3,5.6,3.9,7.8,5.3,6.5,6.5,6.6,3.8,3.2,7.5,0.9,8.1,5.9
"ssp126",2098,8.2,14.4,5.2,5.5,6.4,8,5.9,5.1,3.5,8.8,6.4,6.5,6.9,8,2.8,3,2.5,1.9,7.9,6.2
"ssp126",2099,8,13.3,2,6,6.3,7.3,4.6,6.6,3,4.3,5.1,6.6,5.1,7.3,2.4,3.2,6.6,1,7.8,5.6
"ssp126",2100,6.5,12.6,2.1,6.7,6.3,7.3,5.5,5.9,3.2,7,4.1,6.3,8.7,7.3,5.3,3.2,3.2,2,8.6,5.9
"ssp245",2015,5.1,10.5,4.2,4.4,5.3,6.6,3.6,3.7,1.1,4,4,5,5.9,6.4,3.3,2.5,4.8,1.9,5.2,4.6
"ssp245",2016,5.4,8.8,4.3,4.1,5.2,7,3.3,3,1.1,6.5,5.2,4.9,4.6,6.1,1.5,2.4,5.1,-0.8,4.6,4.3
"ssp245",2017,5.8,9.9,1.3,4.6,5.7,5,3.7,4.3,1.5,6.9,4,4.7,3.4,7.5,3.6,2.9,3.2,0,3.8,4.3
"ssp245",2018,6,10.3,1,4.9,5.2,6.6,3.4,3.9,1.4,6.2,4.6,5.3,6.8,6.2,3.6,2,6.7,0.1,5.3,4.7
"ssp245",2019,5.8,9,3.2,5.2,6,6.9,3.8,2.7,1.9,4.5,4.5,4.4,7.6,6.1,2.2,2,4.1,0.7,4.2,4.5
"ssp245",2020,6.4,9.8,4.7,4.2,6.5,6.2,3.6,3.4,2.2,5.1,5.1,4.9,5.7,7.3,2.2,2.2,3.6,0.9,4.9,4.7
"ssp245",2021,6.3,9.7,3.1,4.6,6.1,6.4,4,3.4,2,6.6,6.5,4.7,6.3,6.4,3.5,2.4,4.8,0.1,4.3,4.8
"ssp245",2022,5.6,11.4,4,4.5,6.1,7,4.4,3.1,2.3,4.2,2.7,4.7,5.1,6.4,3.3,3,6.1,1.7,4.7,4.8
"ssp245",2023,7.1,10.4,5.1,4.4,6.2,7.1,4.6,4.5,1.4,4.6,4.7,5.9,5.4,6.9,2.5,2.3,6.2,1.1,5.3,5
"ssp245",2024,5.8,8,2.3,3.6,4.9,6.3,2.9,4,1.4,4.5,4.5,5.3,6.3,7.4,4.2,2.2,6.5,0.1,4.8,4.5
"ssp245",2025,5.6,8.7,2.6,4.9,5.8,5.9,5.4,3.5,3.2,2.9,5.2,6.2,5.3,5.9,4.1,2.7,5.5,-0.1,5,4.6
"ssp245",2026,5.8,9.7,2.4,3.9,6.2,6.6,3.6,4.2,1.2,6,6.5,5.6,6.5,6.9,4.2,2.4,5.3,1,6.7,5
"ssp245",2027,6.3,9.6,1.6,5.2,7,5.9,4.9,3.3,2.3,4.2,4.9,3.6,6.1,5.9,3.1,2.6,4.3,0.7,6.3,4.6
"ssp245",2028,6.4,13.4,2.8,4.3,6.3,5.9,4.4,4.4,1.9,6.1,4.8,5.7,7.3,7.3,2.4,2.1,7.3,0.7,4.5,5.2
"ssp245",2029,6.9,11.5,4.1,5.3,5.7,7.2,3.9,3.9,1.8,4.1,5.5,4.8,6.7,7.9,3.2,2.9,7.7,-0.4,5.6,5.2
"ssp245",2030,5.8,13.4,2.5,5,5.7,6.4,4.9,3.5,2.3,3.2,5.9,5.1,3.7,6.9,3.4,2.8,5.2,-1,5.9,4.8
"ssp245",2031,6.5,9.7,3.1,4.8,6.1,7.9,3.8,4.2,3.2,7,6.9,5.6,5.2,6.8,3.4,3.5,3.7,1,6.1,5.2
"ssp245",2032,6,15,5.1,4.7,6.2,6.3,5.2,4.7,1.9,5.3,5.6,6.2,8,6.5,4.6,3.3,4.4,0.9,6.5,5.6
"ssp245",2033,6.3,8.5,1.1,5.1,6.7,7.2,4.2,3.3,2.9,3.7,3.2,6,6.3,6.3,4.9,3,5.7,-0.5,5.9,4.7
"ssp245",2034,6.6,10.5,-0.3,5.1,5.3,8.5,4.8,4,2.7,6.5,6.5,5.7,6.1,7,2.8,2.8,4.9,1.4,6.6,5.1
"ssp245",2035,6.2,12.1,3.2,5.2,6,6.9,4.7,4.6,2.9,4,5.2,5.9,6.4,7.3,3.9,3,7.3,1.5,6.1,5.4
"ssp245",2036,6.9,10,0.5,5.2,5.5,7.4,4.6,3.7,2.8,4.8,5,5.6,4.7,7.4,3.5,2.7,4.7,0.7,6,4.8
"ssp245",2037,6.7,10.2,4.3,5,6.6,7.6,5.5,4.7,2.5,6.8,5.1,6,5.3,6.2,3.3,3,7.3,1.5,6.9,5.5
"ssp245",2038,7.2,12.1,5.6,5.4,6.4,7.9,4.1,4,1.9,7.3,4.7,5.8,7.7,7.4,5.3,3.2,5,0.9,6.5,5.7
"ssp245",2039,6.7,13.7,3.2,5.7,6.1,6.4,5.2,4.1,2.5,5.3,7,7,5.5,7.6,4.3,3.3,5.4,-0.7,7.7,5.6
"ssp245",2040,7.2,13.8,5,5.7,6.7,6.9,4.3,2.9,2.6,6.1,6,5.8,7.2,6.4,4.9,2.9,4.8,0,6.8,5.6
"ssp245",2041,7,13.6,2.7,6,5.1,7.1,5.2,5.4,3,6,7.2,6.2,8.6,5.3,3.2,3.4,4.5,1.3,8.1,5.7
"ssp245",2042,6.7,12.4,3.4,5.6,6,6.9,4.5,4.4,2.5,6,5.5,5.9,6.3,6.3,3.8,2.6,5.5,1.7,7.1,5.4
"ssp245",2043,6.8,12.4,2.9,5.3,7.2,7.3,5.1,4.6,3.4,8.4,3.9,6.5,5.9,8,3.1,3.7,4.8,2.5,7.5,5.8
"ssp245",2044,7.5,12.1,0.8,6.7,6.4,8.1,5.3,5.4,1.5,7.7,5.9,6.1,6.5,8.1,3.3,2.5,8.1,1.7,6.4,5.8
"ssp245",2045,7.3,13.9,2.6,6.1,7.4,7,5.5,4.3,2.9,6.9,5.8,6.4,6.6,7.9,4.2,3.1,6.6,-0.6,6.7,5.8
"ssp245",2046,7.4,11.8,3.8,6,6.4,7.6,5.5,4.1,1.2,6.2,5.9,7,7.3,7.3,3.4,3.4,3.6,1.7,6,5.6
"ssp245",2047,7.4,9.6,0.2,5.6,6.7,7.4,5.8,3.5,3,6,5.6,6.2,8.2,8,2.8,3.2,6.5,2.2,7.5,5.5
"ssp245",2048,6.9,12.3,2.9,5.9,6.5,7.5,3.5,4.7,3.9,6.9,4.1,7.2,3.4,8.4,4.8,3,7.2,3,6.7,5.7
"ssp245",2049,7.5,9.7,3.1,6.3,6.7,7.5,6.7,5.3,2.8,7.2,5.2,6.6,4.7,8.5,3,2.8,7.3,2.1,6,5.7
"ssp245",2050,7.8,13.9,0.5,6.3,6.8,7.7,6.5,4.7,3.4,4.8,6.5,6.8,6.6,6.5,5.4,2.3,5.5,0.4,8.5,5.8
"ssp245",2051,8,13.1,3,6,6.8,7.1,6,3.2,3.9,5.5,5.9,6.9,7.3,7.9,3,3.3,7.6,1.1,7.6,6
"ssp245",2052,7.7,10.9,2.7,6.3,5.4,7.2,7,4.2,3.5,5.5,6.2,5.8,6.6,8.1,4.8,3.4,7.8,2.2,7.4,5.9
"ssp245",2053,7.1,12.6,4.2,5.7,6.6,7.8,5.5,4.3,2.7,7.4,5.6,7.6,6.6,8.2,5.4,3.7,5,1.6,7.3,6
"ssp245",2054,7.9,11.7,2.2,5.9,6.5,7.2,5.7,5,3.7,5.2,6.6,6.8,5.4,7,3.2,3.2,4,1.3,7.1,5.6
"ssp245",2055,7.9,12.2,2.5,7,6.8,7.4,5.8,5.5,2.7,6.8,6.2,6.7,8.6,7.5,3.4,3.2,6.7,2,7.4,6.1
"ssp245",2056,7.7,9.4,2,5.8,6.2,8,5.9,4.5,2.3,5.1,6,7.7,6,8.8,3.8,3.2,7.5,1.8,8.1,5.8
"ssp245",2057,8.3,12.3,3.2,5.9,6.8,8,6.2,5,2.7,6,5.7,6.6,7.7,8,4.8,3.1,7.7,0.9,7.6,6.1
"ssp245",2058,6.6,10.6,5.8,6.5,7.6,7.7,4.9,5,2.2,6.2,5.3,7.1,5.4,8.7,4.2,3,8.5,0.9,7.4,6
"ssp245",2059,7.3,9.6,4.9,6.7,7.2,7.8,5,4.8,3.6,8.8,5.5,8.1,7,7.2,4,3.3,7.1,1,8.1,6.2
"ssp245",2060,7.7,13.6,4.3,6.7,7.3,7.8,7.4,4.8,2.8,9.7,4.9,7.3,7.1,8.5,4,3.3,7.1,2.1,8.1,6.6
"ssp245",2061,7.4,13.3,4.1,6.3,7.5,7.2,5.4,5.5,3.4,9.6,7.1,6.9,7.1,7.3,3.3,3.4,4.5,1,8.1,6.2
"ssp245",2062,7,13.9,3.9,7,7.2,8.2,6.7,5.3,2.8,8.6,6.8,7.1,6.7,7.6,3.5,3.5,5.5,2.8,7.8,6.4
"ssp245",2063,7.3,12.3,3.8,6.3,7.6,6.7,5.7,5.1,3,7.5,5.2,6.8,6.9,6.4,3.2,3.4,5.6,2.2,8.2,6
"ssp245",2064,8.1,15.1,2.7,6.7,6.4,8.1,5.9,4.4,4.4,6.5,7.6,6.2,7,7.6,3.5,4.3,7.9,1.9,8.1,6.4
"ssp245",2065,7.6,10.5,4.5,6.6,8,7.7,6.1,4.4,3.8,6.9,5.9,7.6,7.2,8.1,3.2,4.5,6.1,2.4,7.3,6.2
"ssp245",2066,7.8,8.8,3.7,7,7.9,8.3,5.8,5.5,4.2,7,7.8,7.9,5.7,7,3.9,4.1,8.3,0.3,7.3,6.2
"ssp245",2067,7.8,11.9,2.2,7.2,8.1,8.7,7.1,5.7,2.6,7.8,6.7,7.4,6.4,7.1,4.2,3.5,6.5,2,7.7,6.3
"ssp245",2068,8,12.4,2.8,6.8,7.3,7.5,6,5.6,3.5,7.6,5.3,7.2,8.5,7.5,4.3,4.5,7,1.1,8.4,6.4
"ssp245",2069,8.8,13,4.2,6.7,6.9,7.1,6.6,5.6,4.1,6.9,6.8,6.8,8.2,7.8,3.5,3.5,5.1,2.8,8.2,6.5
"ssp245",2070,8.4,13.8,4.8,6.3,6.8,8.2,6.4,4.7,3.3,7.8,6.5,6.7,6.9,8.3,5.3,4.5,7.5,3,8.8,6.7
"ssp245",2071,9,12.9,6.4,6.9,7.8,8.9,5.7,5.6,3.2,9.2,7.3,8.1,5,7.1,2.5,4.4,7.3,3.6,9.4,6.9
"ssp245",2072,7.7,12.7,5.3,7.5,6.7,7.9,6.8,5.7,3.7,8,3.1,7.3,7.4,8.1,5.8,3.6,8.6,1.6,8.3,6.6
"ssp245",2073,7.6,13.4,6.1,7.3,7.9,9.2,6.1,4.8,3.2,8.3,7.2,7.8,7.2,8.1,4.2,3.8,6.2,3.2,9.4,6.9
"ssp245",2074,8.3,16.5,2.8,7.2,7.5,8.2,5.5,4.5,2.7,6.3,6.5,7,7,8.7,4.3,3.6,7.6,2.2,8.2,6.6
"ssp245",2075,8.4,11.3,3.5,7.3,7.9,7.6,6.6,5,3.9,8.9,6.2,6.7,7.5,8.1,3.5,4.4,5.8,3.8,8.5,6.6
"ssp245",2076,8.1,10.7,3.9,6.8,7.2,8.3,6.2,4.3,3.3,7.8,6.3,7.2,7.6,7.4,3.3,3.7,8.8,2.8,9.9,6.5
"ssp245",2077,8.4,11.7,4,7.4,7.4,9.3,6.2,4.7,4.5,8.6,5.8,9.1,8.9,7.9,4.2,3.6,7.5,3.5,8.5,6.9
"ssp245",2078,8.9,14.5,5.8,6.9,7.5,9.1,6.9,5.7,2.9,7.1,7.2,8.1,10,8.3,5.5,3.8,4.5,0.9,9.1,7
"ssp245",2079,8.3,11.5,2.5,7.3,8.6,7.7,6.2,5.4,2.6,7.7,5.6,7.9,7.9,8,4.2,4,6.3,3.4,8.7,6.5
"ssp245",2080,8.1,15.3,3.7,7.3,8.8,8.4,6.3,5,3.4,9.6,5.7,8.3,9,7.4,5,4.1,7,2,8.3,7
"ssp245",2081,7.8,13.6,3.1,7.2,7.4,8.7,7,5.7,3.9,4.3,5.7,7.7,7.7,8.2,4.7,3.5,7.7,3.3,9.4,6.7
"ssp245",2082,8.8,12.8,6.6,7.3,8.1,7.8,7.2,4.7,2.6,10,5,7.4,7,9.3,3.8,4.3,6.8,1.9,9.2,6.9
"ssp245",2083,8.1,10.2,4.1,7.2,7.7,9.8,6.6,4.6,2.8,4.6,5.8,7.8,6.8,7.5,4.6,4.7,8.7,2,8,6.4
"ssp245",2084,9,13.3,4.8,6.9,7.6,8.4,6.8,5.1,4.2,7.2,7.5,8.8,7.5,8,4.8,4.3,7.7,1.7,8,6.9
"ssp245",2085,8.4,13.3,3.1,7.4,7.8,7.6,7.6,5.4,3.5,9.4,7.1,8,9,7.3,3.2,3.9,7.7,3.1,8.4,6.9
"ssp245",2086,8.4,12.7,4.6,7.2,7.1,8.8,6.2,4.9,2.8,8.7,6.4,7.9,9.1,8.4,4.3,4,5.7,2.1,9.5,6.8
"ssp245",2087,9.1,12.1,6.1,6.9,8.4,8.3,6.7,5.7,4.2,8,8,7.7,7.6,8.7,4.4,4.1,6.6,3.3,8.2,7.1
"ssp245",2088,7.8,13,1.2,7.3,7,9.3,5.4,6,4.4,8.4,5.9,7.6,7.6,9.1,5.3,3.9,7.1,1.8,9.1,6.7
"ssp245",2089,9.5,12.8,5.1,7.2,8,8.6,7,5.1,3.5,8.9,6.2,8.1,6.5,8.6,4.4,3.9,5.5,1.7,9.1,6.8
"ssp245",2090,9,11.3,3.6,7.5,8.3,8.3,6.7,5.5,3.1,9.8,7.2,8,9.6,8.9,4.5,4,8,2.1,9.3,7.1
"ssp245",2091,8.6,14.3,3.5,7.7,7.3,9,5.9,5.7,3.6,10.5,7.8,8.8,8.6,8.1,3.2,3.7,7.1,2,9.1,7.1
"ssp245",2092,9.3,11.5,5.8,7.5,7.8,8.8,7.1,5.3,3.5,6.8,6.6,8.5,5.8,8.7,3.2,4.4,5.9,3.5,9,6.8
"ssp245",2093,8.7,11.9,2.3,7.1,7.7,9.1,5.8,6.8,3.6,9.3,7.4,8.3,8.1,9.2,1.6,4.2,7.4,2.7,9.2,6.9
"ssp245",2094,9.3,9.4,4,7.3,8.8,9.5,6.8,5.7,4,9.2,7.4,9.3,7,9.4,4.2,4.2,6.9,3.5,8.4,7.1
"ssp245",2095,8.7,12.2,6.6,8.1,8.4,7.7,7.2,4.3,2.8,8.1,7.5,8.2,8.9,8.4,5.7,4,7.4,0.9,8.4,7
"ssp245",2096,8.3,11.5,3.7,7.7,7.8,8.6,7.4,5.1,3.3,8.2,6.6,8.4,8.6,8.3,4.3,4.2,8.5,3.5,9.1,7
"ssp245",2097,8.8,12.7,4.5,7.6,7.8,8.8,7.7,5.7,3.7,8.9,5.6,8.6,6.9,8.9,3.8,4,8.2,2.8,9.2,7.1
"ssp245",2098,8.7,10.7,3.6,8.1,8.3,8.8,7.1,5.1,2.4,9.8,4.5,7.7,7.6,9.2,5,4.5,5.9,2.2,8.7,6.7
"ssp245",2099,8.7,13.6,3.6,8.1,8.4,9.2,7.8,6.5,3.1,10.2,6,8.4,8.2,8.4,4,3.6,7.6,1.8,9.8,7.2
"ssp245",2100,9.4,13.5,2.5,8,8.4,8.8,6.9,5.6,3.4,10.4,7.7,7.9,7.8,9.2,4.4,4.2,6,3.8,9.5,7.2
"ssp370",2015,5.8,12,0.2,4.3,5.2,6.5,3.6,3.3,0,NA,4.4,5.1,5.5,4.5,3.1,2.2,4.6,NA,4.9,4.4
"ssp370",2016,5.3,10.2,1,4.1,5.8,5.6,4.5,4.9,1.7,NA,4.9,5.3,4.4,6.5,2.7,1.8,6.1,NA,4.1,4.6
"ssp370",2017,5.3,10.2,0.7,4,5.5,5.7,3.3,4.7,0.9,NA,4.7,5.6,5.6,6.2,2.8,2.2,5.2,NA,3.5,4.5
"ssp370",2018,6,14.4,3.7,4.4,5.6,6.5,5.1,2.3,1.5,NA,4.3,5.5,6.4,6.7,2.8,2.9,4.5,NA,4.4,5.1
"ssp370",2019,6.4,11.1,2.1,3.8,6.2,6.1,4.6,4.7,2.4,NA,4.8,5.9,5.8,6.4,3.1,2.7,6,NA,4.9,5.1
"ssp370",2020,6.2,13.4,4.7,4.5,5.7,6,3.7,4.5,2.2,NA,4.4,5.2,7.8,7,3.6,2.3,4.8,NA,4.2,5.3
"ssp370",2021,5.4,8.1,2.3,4.2,5.9,6.5,4.1,4.2,1.6,NA,5.9,5.2,5.2,6.3,3.3,2.7,5.8,NA,4.2,4.8
"ssp370",2022,5.6,10.2,-1.2,4.9,6.1,7,4.5,4.2,2.5,NA,5.3,4.8,6.4,6.1,4.3,2.1,5.7,NA,4.8,4.9
"ssp370",2023,6.3,9.1,0.2,4.4,5.8,5.6,3.7,3.7,1.9,NA,5,5.4,7.4,6.4,3.1,2.9,5,NA,5.7,4.8
"ssp370",2024,6.4,12.4,2.6,4.8,5.2,6.6,3.8,4.6,2.1,NA,4.8,5.8,6.5,6.2,3.3,3.3,5.1,NA,5.3,5.2
"ssp370",2025,6.5,12.4,3.6,5.1,6.2,6.7,4,3.8,2,NA,5.1,4.8,5.9,5.6,3.3,2.9,5.4,NA,5,5.2
"ssp370",2026,6.5,8.6,1.8,5,6,7.7,3.8,3.1,1.7,NA,5.3,5.5,6.2,7.5,2.7,2.7,6,NA,6.1,5.1
"ssp370",2027,7,9.9,1.4,4.9,6.1,7.9,4.6,2.8,2.4,NA,4.6,5.7,6.3,5.3,3.6,2.6,5.9,NA,5.4,5.1
"ssp370",2028,5.9,13.6,3.6,4.3,5.7,7.5,3.3,1.5,1.2,NA,5.3,6.1,6.8,5.9,2.5,3.7,4.7,NA,5.4,5.1
"ssp370",2029,6.9,12,4.5,5,5.3,7.1,3.5,2.1,2,NA,4.3,6.1,6.2,7.3,3,2.5,6,NA,4.6,5.2
"ssp370",2030,6.1,15.5,4.9,4.9,5.6,6.8,4.3,4.1,3,NA,4.8,4.8,4.6,7,3.3,2.4,6.2,NA,5.7,5.5
"ssp370",2031,6.2,10,5.6,4.8,6.9,7.5,4.5,3.1,2.7,NA,4.9,5.3,7.6,7.9,4,3.1,5.9,NA,5.4,5.6
"ssp370",2032,6.5,11.7,2,5.4,5.6,6.8,3.9,3.7,1.8,NA,5.3,5.8,6.2,6.5,2.7,2.3,5.6,NA,5.2,5.1
"ssp370",2033,6.1,13.5,4.7,5.2,6,6.7,5,4.5,2.8,NA,4.8,6,6.4,7.2,3.6,2.7,5.8,NA,6.3,5.7
"ssp370",2034,6.1,14.4,3.6,5,6.5,6.4,4.2,4.2,2.8,NA,5.6,5.3,5.5,6.1,3.4,2,5.7,NA,5.1,5.4
"ssp370",2035,5.9,13.9,5.5,5.1,6.9,6.7,4.6,3.2,2.3,NA,5.7,5.2,6.6,7.4,3.2,2.8,5.4,NA,6.3,5.7
"ssp370",2036,5.6,9.4,2.6,4.9,6.5,7.8,4,5,1.7,NA,5.6,5.2,7.8,8.4,3.4,3.1,4.5,NA,6.2,5.4
"ssp370",2037,6.1,10.6,3,4.4,6.9,6.7,4.4,4.2,2.5,NA,5.3,5.4,6.9,6.9,4.4,3.3,5.7,NA,7,5.5
"ssp370",2038,6.4,9.9,2.6,5.4,6,7.2,4.6,2.8,2.9,NA,6,4.9,7.3,6.8,3.4,3.3,5.6,NA,6.1,5.4
"ssp370",2039,7.4,11.6,4.7,6,6.8,7,4,3.5,2.6,NA,6.3,5.6,7.4,7,4,3,5.1,NA,6.7,5.8
"ssp370",2040,6.2,13.8,2.5,6.2,6.3,6.7,3.5,3.4,2.6,NA,5.9,5.7,5.3,6.7,3.2,3,6.4,NA,6.9,5.5
"ssp370",2041,7,10.5,4.1,5.9,6.2,7.6,4.2,3.3,2.5,NA,5.6,5.4,7,6.9,3.2,3.1,5.3,NA,6.8,5.6
"ssp370",2042,6.8,13.4,4.4,5.7,5.8,7.3,4.4,4.3,3,NA,5.4,6.1,6.2,6.3,4,3.3,5.9,NA,6.9,5.8
"ssp370",2043,6.5,9.6,2,5.6,6.6,6.8,3.5,3.5,2.8,NA,6.5,5.6,7,7.6,3.3,3.2,6,NA,6.7,5.5
"ssp370",2044,7.4,14.2,3.7,5.9,7.2,7.4,5.7,4.5,3,NA,6.1,5.9,6,7.3,3.6,3,4.6,NA,6.9,6
"ssp370",2045,6.9,11.1,2,6.4,6,7.5,5.4,4.8,2.3,NA,6.2,6.9,8,7.7,3.5,3.6,6.6,NA,6.5,6
"ssp370",2046,6.8,11.5,5.1,6.3,7.9,7.5,4.8,4.2,3.3,NA,5.7,6.4,8.9,7.9,4,3.5,5.7,NA,6.7,6.2
"ssp370",2047,6.4,13,3.1,5.5,7.1,6.3,4.9,3.4,3,NA,6.2,6.2,6.5,7.1,4.2,2.9,7,NA,6.7,5.9
"ssp370",2048,7.1,11.3,2.1,6,6.1,8.5,4.5,4,2.6,NA,6,6.6,6.6,7.2,3.4,3.6,5.4,NA,6.5,5.7
"ssp370",2049,7,11.1,2.7,6.3,5.8,8.5,5.3,4.1,3,NA,6.1,6.9,7.1,7.2,4.2,3.5,6.5,NA,6.7,6
"ssp370",2050,8,13,5.6,7,7.1,7.2,5.2,3.8,3,NA,5.4,6.5,6.2,7.2,4,3.5,6.2,NA,7,6.2
"ssp370",2051,7.6,12,3,7,7.7,7.2,7.3,5.1,2.7,NA,5.9,6.9,7.5,8.6,4.4,3.6,6.1,NA,7.5,6.5
"ssp370",2052,7.4,13,4.4,7.2,7,6.7,6.2,3.7,3.1,NA,5.5,6.7,5.7,8.4,4,3.2,5.9,NA,9,6.3
"ssp370",2053,8.4,12,6.2,6.8,6.9,7.8,4.8,4.2,3.3,NA,6.3,7.2,6.9,7.6,4.1,3.8,6.7,NA,6.9,6.5
"ssp370",2054,7.5,10.4,3.9,6.9,7.5,7.8,5.6,4,3.1,NA,6.4,6.6,8.7,8.5,4.7,3.2,6.8,NA,7.6,6.4
"ssp370",2055,8.1,10.4,5.3,7,6.9,7,4.9,3.9,3,NA,6.9,6.9,5.5,8,4.2,3.9,6.2,NA,8.4,6.3
"ssp370",2056,7.6,13.1,2.3,7,7.2,6.5,6.5,4.9,3.2,NA,6.5,7.4,6.1,9,3.5,4.1,6.3,NA,7.4,6.4
"ssp370",2057,8.2,12.7,1.7,7.1,6.7,6.6,6.7,3.9,3.1,NA,6.2,7.1,5.7,7.5,3.6,4,6.6,NA,8.5,6.2
"ssp370",2058,8,11.7,3.4,6.9,7.1,7.8,7.8,5,2.5,NA,6.5,8.1,8.7,9.1,4.8,4.5,6,NA,8.1,6.8
"ssp370",2059,7.4,14.4,5,7.1,7.3,8.7,6.2,5.3,2.8,NA,6.4,7.7,6.1,8.5,4.4,4.1,6.5,NA,8,6.8
"ssp370",2060,7.8,12.9,4.4,7.1,6.6,7.9,5.8,5.4,4.2,NA,6.1,6.8,6.5,8.8,4.5,3.8,6.1,NA,8.9,6.7
"ssp370",2061,8.5,9.4,5.2,7,7.3,6.9,6.8,4.4,2.8,NA,5.6,7.3,5.5,9.1,4.5,4.9,6.6,NA,8.7,6.5
"ssp370",2062,8.3,11.1,4,7.6,7,8.4,6.7,4.6,4.5,NA,7.5,7.2,6.6,7.1,4.3,3.8,6.1,NA,8.3,6.7
"ssp370",2063,8.6,13.7,2.9,7.8,6.9,9,6.8,6.3,3,NA,5.8,7.2,7.2,9.6,4.4,4.1,6.6,NA,7.7,6.9
"ssp370",2064,8.2,9.6,4.9,7.7,7.4,7.9,5.9,3.9,4.2,NA,5.8,8,7.6,7.6,4.8,3.6,6.9,NA,8.7,6.6
"ssp370",2065,9,14.2,4,8.1,7.2,9.1,5.5,4.6,3.5,NA,6.4,7.4,8.9,8.7,4.3,3.9,6.7,NA,8.2,7
"ssp370",2066,8.6,11.4,5,7.4,8.4,7.6,7.7,4.5,3.3,NA,6.6,7.6,8.7,9,4.7,4.2,7,NA,8.7,7.1
"ssp370",2067,8.1,12.8,6,8.1,8.2,8.5,6.6,5.7,3.4,NA,7.1,8.2,6.4,9.1,5,4.4,7,NA,8.7,7.3
"ssp370",2068,8.6,12.2,7.6,8.2,7.3,8.4,6.7,5.6,3.1,NA,7.1,7.7,7.1,7.3,4.6,4.2,6.8,NA,9,7.1
"ssp370",2069,8.8,9.9,4.6,8.3,7.3,8,7,5.8,2.9,NA,6.5,8.8,5.8,9.1,4.3,3.8,7,NA,8.7,6.9
"ssp370",2070,9.3,11.4,7.3,8.2,7.4,7.6,7.1,5.8,2.9,NA,6.6,7.9,8.1,8.1,4.7,3.9,7,NA,8.9,7.2
"ssp370",2071,8.7,14.3,3.2,7.9,7.8,8.2,6.9,7.3,4.2,NA,7,8.7,7.2,7.2,4.8,4.9,6.7,NA,9.4,7.3
"ssp370",2072,8.5,12.7,4.2,7.7,8,8.7,6,5.6,3,NA,6.6,8.2,8.5,8.1,5.4,4.6,6.5,NA,8.7,7.1
"ssp370",2073,9.4,14.9,3.2,8.8,6.9,8.7,6.8,4.2,3.7,NA,6.1,8.3,8.1,9.4,5.3,4.5,6.5,NA,8.6,7.3
"ssp370",2074,9.9,15,5.1,8.4,8,9,7.8,6.6,3.5,NA,6.1,8.8,7.4,8.2,4.6,4.2,6.6,NA,9.1,7.5
"ssp370",2075,9.1,12.9,3.9,8.5,8.5,8.8,6.6,3.9,3.6,NA,7,8.7,5,9.9,4.8,4.6,6.5,NA,9.8,7.2
"ssp370",2076,8.9,11.8,6,8.9,7.6,8.3,7.1,4.8,4.3,NA,6.2,8.4,8.1,9.9,4.4,4,7.2,NA,9.9,7.4
"ssp370",2077,9.1,15.5,1.6,8.7,8.2,8.5,7.5,4.6,4.8,NA,7.2,8.4,6.2,8.9,5.4,4.5,6.7,NA,9.9,7.4
"ssp370",2078,8.9,9.6,3.2,8.8,8.1,9.9,6.8,5.7,3.9,NA,6.1,9,8.4,8.8,4.1,4.8,7,NA,10.4,7.3
"ssp370",2079,9.5,10.3,4,9.8,8.4,10,6.7,3.8,4,NA,7,8.8,8.9,9.2,5.4,5,7,NA,10.2,7.5
"ssp370",2080,8.8,14.2,4.9,9.5,8,10.4,8.5,5.1,3.8,NA,7.1,8.6,8.3,9.9,5.2,4.8,7.5,NA,10.4,7.9
"ssp370",2081,9.4,14.8,7.1,9.3,8.6,9.1,8.1,5.9,4,NA,7,9.3,8.4,8.9,5.6,4.1,7.2,NA,9.8,8
"ssp370",2082,9.5,15.6,7.5,9.3,8.3,9.3,8.7,7.7,3.2,NA,7,9.2,7.6,9.6,5.5,5.3,7.5,NA,10.1,8.3
"ssp370",2083,9.3,11.9,8.6,9.5,8.2,8.6,7.8,5.9,4.6,NA,7.1,8.4,8.5,9.6,5,5.7,6.9,NA,9.4,7.9
"ssp370",2084,9.4,13.2,6.6,9.3,8.3,8.4,7.7,7.8,4.7,NA,7.7,8.8,8.9,9,5.7,4.7,7.5,NA,9.7,8.1
"ssp370",2085,10.1,13.3,4.2,9.3,8.9,9.3,7.9,5.2,4.8,NA,7.6,9.3,7.5,9.1,5.2,5.2,7,NA,10.9,7.9
"ssp370",2086,9.8,12.9,9.9,9.6,8.3,9.4,8.2,6.1,4,NA,8.6,10,8,9.2,5.4,4.8,8.5,NA,10.2,8.4
"ssp370",2087,10,17.5,5.3,9.3,9.4,9,8,4.5,4.3,NA,7.6,10.5,8,9.6,5.5,5.6,6.8,NA,11.7,8.4
"ssp370",2088,10,13.1,5.7,9.8,8.6,9,8.5,7.3,4.3,NA,6.9,9.6,9.4,9.8,5.5,4.7,6.8,NA,10.4,8.2
"ssp370",2089,9.8,13.6,3.2,9.9,9.1,9.3,8.2,6.3,4.5,NA,7.2,9.3,7.9,9.5,5.4,4.6,7,NA,11.1,8
"ssp370",2090,9.8,10.9,5.7,10.4,9.5,10.6,9,6.6,3.8,NA,7.7,10.1,8.6,9.4,5.3,4.8,7.9,NA,10.1,8.2
"ssp370",2091,10.3,16,5.4,10.1,9.6,9.5,9.1,5.9,4.3,NA,6.8,9.4,8.6,10.4,5.5,5.5,7.7,NA,11.5,8.6
"ssp370",2092,9.1,11.9,4.1,10.3,9.8,9.1,8.7,7.2,4.4,NA,7.1,10.6,9.7,8.3,6.2,4.9,6,NA,11,8.1
"ssp370",2093,10.3,13.6,5.3,10.4,9.3,10.2,8.6,8.4,4.2,NA,7.2,10.2,9.8,9.3,6.3,5,7.5,NA,10.7,8.6
"ssp370",2094,11.3,15,6.2,10.3,9.7,9.7,8.9,6.6,5.2,NA,7.5,11,9,9.7,5,5,7.7,NA,11.1,8.8
"ssp370",2095,10.5,14.6,6.5,10.5,9.6,9.5,8.8,6,4.7,NA,8.4,10.1,8.2,12,5.7,5.4,7.2,NA,10.5,8.7
"ssp370",2096,10,12,3.4,10.3,9.7,11,9.2,7.4,4.4,NA,6.4,10.6,10.2,10.2,6,6.2,7.9,NA,11.5,8.6
"ssp370",2097,11,13.2,5.3,10.7,8.4,9.8,9.1,6.7,5.4,NA,7.4,10.9,8.6,10.7,5.7,5.8,8.1,NA,10.3,8.7
"ssp370",2098,10.7,10.4,6,11.2,10.4,9.2,8.5,6.6,5,NA,8.3,11,10.2,8.8,6.3,5.7,7.6,NA,12.4,8.7
"ssp370",2099,10.3,12.1,8.2,10.2,9.6,10.2,8.8,6,4.5,NA,7.8,10.8,7.5,10.7,5.9,5.7,7.9,NA,11.7,8.7
"ssp370",2100,10.3,13,4.3,11.2,10.2,8.2,7.4,7.8,4.5,NA,7.2,10.8,10,11,6.2,5.8,8.1,NA,12.2,8.7
"ssp585",2015,5,10.1,0.3,3.8,5.6,6.1,4.5,4.6,1.8,5.2,4.6,6,6.5,6.5,4.2,3.3,5.9,1.2,5,4.7
"ssp585",2016,5.6,9.5,0.3,4.8,4.8,6.8,4,2.3,0.7,5.2,4.7,5.3,6.6,5.8,3.7,2.9,6.6,0.5,3.9,4.4
"ssp585",2017,5.6,10.8,0.6,4.4,5.6,6,3.8,2.8,2.1,3.5,6.2,4.3,5.3,6.9,3.5,2,4.2,1.8,4.5,4.4
"ssp585",2018,6.1,8.7,4.7,4.6,4.8,6.3,5.2,3.5,2.6,5.4,5.6,4.2,5.3,5.8,1.5,1.4,5.9,0.8,4.9,4.6
"ssp585",2019,5.9,11.4,2.4,4,5.2,5.4,4.3,4.3,2,5.7,5.6,6.1,7.9,6.3,3.2,2.9,7.3,1.4,5.3,5.1
"ssp585",2020,5.2,12.8,2.6,4,5.2,6.7,3.9,3.2,1.7,5.3,6.2,4.6,4.8,6.3,2.1,2.5,4.4,2.6,4.7,4.7
"ssp585",2021,5.5,9.3,2.5,4.7,5.2,5.9,5.2,1.4,3,5.6,5.8,5.1,5.4,6.3,1.7,4.4,3.9,0.5,5.3,4.6
"ssp585",2022,6.1,11.3,3.4,4.4,5.5,6,4.9,3.3,3.3,6,6.8,5.9,5.2,6.7,5.3,2.8,6.3,-2,5.5,5.1
"ssp585",2023,6.1,10.9,3.1,4.7,5.7,6.7,4.6,1.4,2.1,5.1,6.3,5.7,7.4,6.5,3.5,2.5,3.4,1,5.8,4.9
"ssp585",2024,5.9,12.6,4.8,4.9,6.3,6.9,4.1,2.5,2.7,4.4,5.4,5.4,7,7.1,5.5,1.2,6.3,0.6,4.9,5.2
"ssp585",2025,6.5,10.3,1.2,4.9,6.4,6.6,4.2,4.1,1.4,5.6,4.6,6.1,5.8,6.9,2.8,3.2,5.9,2.3,5.2,4.9
"ssp585",2026,6,11.7,4.9,4.7,6.2,8.2,4.8,4.4,1.9,5.4,7.3,5.2,6.7,7.1,3,2,4.7,0.6,5.4,5.3
"ssp585",2027,6,10.6,0,5.2,5.9,6.9,4.9,4.5,3.6,6.6,4.9,5,4.6,7,4.2,3.4,3.7,1.8,5.2,4.9
"ssp585",2028,6.5,10.6,2.7,5.1,6.5,6.7,3.9,5.1,2.5,5.4,5.5,5.4,7.7,6.7,5.3,1.8,5.9,1.4,6.4,5.3
"ssp585",2029,6.6,8.8,6.2,4.5,6.6,6.9,4.8,2.6,3.2,6.1,5.1,5.7,7.1,6.7,4.1,1.7,6.8,1.2,5.7,5.3
"ssp585",2030,6.7,10.7,2.8,5.3,5.6,7.3,5.1,4.8,3,7.1,3.1,6.3,7.5,6.8,4.8,1.5,5.5,1.4,6.4,5.4
"ssp585",2031,7.2,8.8,4.3,5.3,6.4,6.5,5.6,4.8,2.5,6.1,6,5.4,7.8,7.2,3.9,2.9,5.9,1.1,5.8,5.4
"ssp585",2032,6.3,12,3.7,5.2,6.2,7.6,4.5,3.3,1.9,5.5,5,5,4.9,7.5,3.8,2.6,4.8,1.2,6.5,5.1
"ssp585",2033,5.8,12,2.6,5.2,5.8,7.6,4.6,4.3,2.9,4.5,5.1,5.7,5.8,7.2,3.3,1.8,6.5,2,6.9,5.2
"ssp585",2034,6.2,10.2,3.7,5.8,5.8,6.7,5.2,3.8,3.5,6.5,5,6.2,6.3,6.7,2.9,2,5.4,1.7,6.3,5.3
"ssp585",2035,7.2,11.9,2.1,6,5.6,7.3,4.8,2.2,2.2,6.6,4.8,6.2,7.8,7.2,4.9,3.1,3.5,1.3,5.9,5.3
"ssp585",2036,6.7,10.2,0.7,5.5,5.8,7,5.1,4.2,3.6,5.7,6.3,6.9,7.9,7.8,4.6,2.9,5.3,2.6,6.9,5.6
"ssp585",2037,7.6,15.2,2.4,5.3,6.7,7.4,4.6,5.9,3,6.3,5.7,5.8,7.1,7.7,5.3,3,7,1.9,7.1,6.1
"ssp585",2038,7.1,11.7,0.2,5.7,6.8,7.4,5.6,5.6,2.7,6.5,6.3,6.6,6.7,7.5,1.7,4.2,4.6,1.9,6.5,5.5
"ssp585",2039,7.6,13,3.2,5.7,7.8,7.1,4.5,4.8,2.5,6.4,7.1,4.9,7.5,7.3,2,3.3,5.5,1.1,7.4,5.7
"ssp585",2040,7.8,10.3,6.2,6.7,6.5,7.7,5.1,4.8,3.8,6.4,6,5,6.5,7.6,4.7,3.6,5.1,3.1,6,5.9
"ssp585",2041,7.5,10.2,3.9,5.4,6.5,7.9,4.9,4.4,3.2,7.5,7.1,6.5,6.4,7.4,3.4,2.6,7.3,1.9,6.5,5.8
"ssp585",2042,7.7,9.2,1.6,6.1,6.3,7.5,5.7,6.3,1.7,7.4,6.1,5.5,7.8,7.3,4.1,3.4,6.9,2.5,7.1,5.8
"ssp585",2043,7.7,12.8,4.4,6.5,7.3,8.1,4.1,4.3,1.5,6.1,2.9,6,8.8,7,2.9,2.7,8.1,2,6.6,5.8
"ssp585",2044,6.8,9.6,3.3,5.7,7.2,7.7,6.3,3.4,3.1,8.7,3.7,6.6,8.5,7.8,2.1,2.9,9.4,0,7.4,5.8
"ssp585",2045,6.6,12.2,3.6,6.6,6.9,7.8,5.2,3,2.1,9,5.3,6.1,6.8,7.4,6.3,2,8.5,2.5,8,6.1
"ssp585",2046,7.7,12,3.5,6.5,7.3,7.9,5.5,3.5,3.5,6.1,7.6,6.8,7,8.2,6,2.4,7.3,3.1,7.3,6.3
"ssp585",2047,7.2,10.7,5.3,6.8,6.6,7.4,7,4.5,3.1,7.7,6.1,6.1,9,8.3,4.6,2.7,5.7,3.5,8,6.3
"ssp585",2048,7.7,9.6,4.2,6.6,7.3,8.1,6.9,4.6,4,6.9,6.9,6.7,9.8,8,4.8,3.7,7.4,3.9,8.4,6.6
"ssp585",2049,7.7,13,5.3,6.6,7.4,7.9,5.2,4.3,3.5,8,7.4,7.1,7.9,8.8,3.2,1.4,5.7,2.5,8.3,6.4
"ssp585",2050,8,9.5,6.7,7,6.8,8.2,5.1,5.8,2.7,7.3,6.5,7.6,7.1,8.8,4.2,3.5,7.3,2.5,8.3,6.5
"ssp585",2051,8.1,10.6,4.9,6,6.9,7.6,6.8,4.7,3.2,6.7,5.7,7.6,7.9,8.3,5.8,3.4,6.6,2.4,7.5,6.4
"ssp585",2052,7.9,11.2,2.6,7.3,7.2,8.5,6.3,4.5,3.5,8.3,4.5,6.6,8.5,8.1,2.9,3.7,7.1,2.5,8.3,6.3
"ssp585",2053,7.4,10.9,4.8,6.9,7.6,8.6,5.3,5.3,2.5,6.7,6,7.2,6.9,8.2,5.6,3.7,6.4,2,7.3,6.3
"ssp585",2054,7.4,16,5.3,7.8,6.8,8.1,5.8,3.3,3.1,7.7,7,7.5,6.7,7.9,6.1,3.9,4.7,3.5,7.9,6.7
"ssp585",2055,7.8,12.4,2.9,7.7,7.6,7.9,6.4,5.5,3.1,8.1,6.5,7.1,8.6,8.2,4.5,3.5,8.9,2.3,8.3,6.7
"ssp585",2056,8.2,11.8,2.6,7.4,7.2,8.1,5.8,4.8,3.3,7.5,6.7,7.8,6.4,8.7,3.5,3.2,7.6,2.9,7.9,6.4
"ssp585",2057,8.3,14.7,5.2,7.8,8.2,7.5,6.6,4.4,3.4,8.4,6.4,7.3,8.5,8.1,5.2,2.8,8.9,2.5,8.7,7
"ssp585",2058,8,10.6,4.9,7.4,9.1,8.1,6,5.3,3.2,8.6,6.7,7.1,9.9,8.4,4.4,3.1,7.6,2.7,7.9,6.8
"ssp585",2059,8.5,14.3,5.4,7.8,7.8,8.7,7.3,5.5,3.7,8.1,5.4,8,8.8,8.6,3.7,4.8,8.2,4.4,8.6,7.2
"ssp585",2060,8.4,11.4,5.9,7.9,8,8.2,6.4,6.7,3.6,8.6,5.4,8.2,8.4,8.7,3.3,5.9,8.3,3,8.7,7.1
"ssp585",2061,10.1,9.8,6.2,8.4,8.2,8,6.5,5.8,4.2,9.7,5.6,8.3,9.8,8.4,6.3,5.2,8.3,3.7,9.5,7.5
"ssp585",2062,9.3,12.5,3.3,8.7,7.8,8.8,7.6,5,4.2,7.8,8,8.3,8,8.9,4.6,5.5,7.6,2.7,9.6,7.3
"ssp585",2063,8.5,16.9,5.3,8.1,8.1,8.1,8,3.8,4.9,8.3,7.6,8.5,8.6,8.5,4,4.8,8.2,2.8,9.1,7.5
"ssp585",2064,8.6,11.6,6.5,8.6,8.3,8.9,6.7,5.7,3.7,7.9,8.3,8.9,8,9,4.1,6.2,6.1,3.2,9.8,7.4
"ssp585",2065,9,10.8,5.5,8.7,8.4,9,7.3,4.4,3.9,10.5,6.2,8.6,10.3,8.9,2.4,4.2,8.2,4.7,9.7,7.4
"ssp585",2066,9.6,13.5,4,8.2,8.1,8.9,7.9,6.2,3.2,7.6,6.3,8.6,8.6,9.7,4,5.6,7.9,4.4,9.4,7.5
"ssp585",2067,9.6,10.1,6.8,8.5,8.3,8.5,7.6,4.4,3.5,9.6,5.7,8.4,8.2,8.9,4.7,4,8.7,3.8,10,7.3
"ssp585",2068,9.2,14,3.9,8.9,8.3,9.3,7.7,6.6,4,10,7.3,8.2,8.9,9.2,4.2,4.8,6.5,3.9,9.9,7.6
"ssp585",2069,9.9,13.3,6.5,8.9,8.4,9.2,6.6,6.4,4.5,8.4,8,9,8.6,9.3,4,5.3,6.5,3.5,9.6,7.7
"ssp585",2070,9.5,17.2,6.7,9.7,8.7,8,8.8,6.3,4.8,8.9,7.4,8.8,9.3,9.5,6,4.6,7.6,4.2,10.1,8.2
"ssp585",2071,9.6,17,5.9,9.2,9.1,9.5,7.3,4.9,3.9,10.4,7.2,10,7.3,9.3,6.2,4.6,8.6,2.4,11.4,8.1
"ssp585",2072,9.1,12.5,6.2,9.9,8,8.9,7.6,6.8,5.7,11.1,8.6,9.8,7.5,9.7,6.4,2.6,7.8,5.7,10.1,8.1
"ssp585",2073,9.4,15.3,4.3,9.7,8.7,8.8,7.3,5.9,4.1,9.8,7.1,9.7,7.7,9.8,4.7,5.3,8.2,3.4,11.3,7.9
"ssp585",2074,9.8,15,5.3,9.5,9,9.6,7.3,7.1,3.6,9.2,5.7,9.6,7.9,10.2,5.1,5.8,7.4,4.5,11.1,8
"ssp585",2075,9.8,14.8,6,9.3,9.9,10.3,7.5,6.5,3.3,9.8,9.8,9.9,8.4,10.5,5.5,7.1,7,4.7,10.3,8.4
"ssp585",2076,10.1,14.5,4.7,10.2,8.9,9.4,8.7,6.1,4,10,5.9,10,8.4,9.6,7,3.8,5.6,4.1,11,8
"ssp585",2077,10.5,13.4,5.3,10,9.8,9.4,8.5,7.7,5.3,8.9,7.4,9.1,9.1,9.8,8.5,4.3,7.1,4.8,10.4,8.4
"ssp585",2078,9.9,16.4,5,9.9,9,9.6,8.3,5.2,5.1,9.4,6.3,9.3,10.4,9.7,5.1,4.3,7.3,3.8,10.3,8.1
"ssp585",2079,10.7,14.9,5,10,9.3,9.9,9,6.3,4.3,10.3,6.1,8.8,9.7,10.7,4.8,5.7,7.8,4.2,10.4,8.3
"ssp585",2080,10.4,17.1,6.2,10.4,9.3,8.4,8.3,5.4,5,10.8,7.3,11.5,9,10.5,5.4,5.4,9,3.2,11.6,8.6
"ssp585",2081,10.6,14.2,7.3,10.5,9.5,10.2,8.6,5,4.8,9.3,7.6,10.7,9.4,9.7,6.2,6,5.5,5,10.7,8.5
"ssp585",2082,9.8,13.4,5.4,10.7,9.9,9.8,8.8,5.8,4.3,10.2,7.8,9.6,7.1,10.2,5.1,6.2,7.7,4.8,12.2,8.4
"ssp585",2083,11,16.5,4.9,11,8.8,9.9,9.1,6.2,4,11.5,8.3,11,9.4,9.9,6.7,6.2,9.3,5,10.5,8.9
"ssp585",2084,10.6,14.2,6.8,11.1,9.9,10.9,8.8,5.6,4.8,11.3,8.6,11,9.2,10.4,5.8,5.5,7.2,5.3,10.6,8.8
"ssp585",2085,10,14.3,6.8,11.4,9.1,10.5,10.2,7.4,4.5,11.3,7.2,10.7,9.1,10.2,5,4.6,8.3,5.6,11.8,8.8
"ssp585",2086,10.9,12,6.1,10.7,10,10.1,9.1,6.8,5,10.2,8.2,11.3,7.8,10.5,6.2,7,7.6,4.8,10.9,8.7
"ssp585",2087,10.4,15.2,7.7,11.5,9.8,11.7,10.1,7.3,5.3,11.5,4.1,12,9.7,11.5,5.8,6.6,8.9,5.5,12.6,9.3
"ssp585",2088,11.6,14.1,6.6,11.2,11.1,10.9,9.1,7.1,6.4,10.8,10.3,11.6,10,10.9,4.5,5.8,8.1,6,12,9.4
"ssp585",2089,10.8,17,5.7,12.1,10.8,9.9,10.1,5.8,5.7,11.5,7,11.9,9,10.2,5.9,5.5,8.1,4.3,11.3,9.1
"ssp585",2090,11.2,13.6,4.5,11.3,10.5,10.2,9.4,8.2,4.7,10.9,9,12,9,10.9,6.7,5.2,9.1,5.5,12,9.2
"ssp585",2091,11.3,11.5,6.8,12.1,11,11,10.3,6.9,5.3,11.8,8.5,11.8,10.5,10.4,7.1,5.7,9.3,5.9,12.1,9.4
"ssp585",2092,10.8,16.3,8.4,11.5,10.3,10.9,9.3,7.9,5.3,11.2,9.5,11.7,9.1,11.3,8.7,5.5,8.1,4.2,12.6,9.6
"ssp585",2093,12,14.3,9.7,11.8,10.3,10.8,10,7.3,7.4,12.1,7.9,12.4,9.2,10.9,6.6,5.6,9.3,5.6,11.8,9.7
"ssp585",2094,11.2,15.5,7.4,12.2,10.9,10.8,9.4,6.7,4.9,11,7.4,11.8,9.5,11.6,6.1,7.2,8.9,5.9,13.6,9.6
"ssp585",2095,11.1,15.6,5.8,12,11.5,11,10.5,6.2,4.8,10.7,7.8,12.7,10.8,11.3,7.2,6.7,7.9,6.1,12.6,9.6
"ssp585",2096,11.1,17.5,6.4,12.3,10.8,9.8,10.3,8.7,5.2,12.1,8.7,12.3,11,12,5.4,6.7,9.9,6.6,13.4,10
"ssp585",2097,11.7,15.1,6.6,12.5,11.4,10.8,10.2,6.8,5.5,11.5,9.1,12.1,9.4,11.5,7.3,6.3,10.3,6.4,12.3,9.8
"ssp585",2098,11.8,14.2,8.7,12.4,11.6,11.6,10.7,10.1,5.9,11.8,8.3,12.6,9.6,11.1,9,8.2,7.4,5.8,13.7,10.2
"ssp585",2099,11.4,16.3,6.5,12.7,12,10.8,10.4,7.6,5.2,13.5,8,12.3,9.7,11.5,8.3,6.5,11.1,6.6,13.3,10.2
"ssp585",2100,11.6,16.3,7.6,12.7,12.3,11.7,11.4,7.9,5.5,11.7,8.2,12.5,10.5,11.6,5.1,6,9.9,6.3,13.1,10.1
