"Year","Tmax01","Tmax02","Tmax03","Tmax04","Tmax05","Tmax06","Tmax07","Tmax08","Tmax09","Tmax10","Tmax11","Tmax12","Tmin01","Tmin02","Tmin03","Tmin04","Tmin05","Tmin06","Tmin07","Tmin08","Tmin09","Tmin10","Tmin11","Tmin12","PPT01","PPT02","PPT03","PPT04","PPT05","PPT06","PPT07","PPT08","PPT09","PPT10","PPT11","PPT12","Tave01","Tave02","Tave03","Tave04","Tave05","Tave06","Tave07","Tave08","Tave09","Tave10","Tave11","Tave12","Tmax_wt","Tmax_sp","Tmax_sm","Tmax_at","Tmin_wt","Tmin_sp","Tmin_sm","Tmin_at","PPT_wt","PPT_sp","PPT_sm","PPT_at","Tave_wt","Tave_sp","Tave_sm","Tave_at"
1950,-26.2124732259864,-14.5309319739408,-6.04553981442642,-1.96748353698107,4.72194329507682,14.6405316106267,13.0618199928179,12.6474910747869,9.9566954162222,-1.18620211431667,-16.1441985610471,-12.5086820335594,-32.5394283014861,-20.6213104461989,-13.9869321525777,-9.0618865804225,-2.93898804310283,4.47446192335278,4.73314036836869,4.30293017204648,1.70187327835038,-8.69265588596746,-22.3023132206671,-17.2656480123788,17.1323062738992,54.7962122706859,25.4439847940728,46.296247363846,31.5787973567107,43.5053191064126,86.3740654040048,112.766811893013,62.9379450468056,51.2867783031536,58.6278656619885,46.8982988802955,-29.3303063686356,-17.649829598283,-10.1559199384863,-5.42880949542943,1.09877253934528,10.0234797896466,9.14497377191811,8.51206473909856,5.73642079823686,-5.00503239999091,-19.118932194885,-14.8166847023523,-17.7506957444955,-1.09702668544356,13.4499475594105,-2.45790175304719,-23.4754622533546,-8.662602258701,4.50351082125598,-9.76436527609474,118.826817424881,103.319029514629,242.646196403431,172.852589011948,-20.5989402230903,-4.82865229819016,9.22683943355441,-6.12918126554636
1951,-19.7725680777933,-14.9339431220588,-10.8469225728958,0.49727986737364,6.15404412689228,10.5995450047788,16.297128297228,13.1018389972595,10.0683210443786,-2.58389257664763,-8.96360127297342,-17.9815085182021,-24.6407792849232,-21.2831447012675,-18.2927462976091,-7.26980477817007,-1.47217684682922,2.17862724550175,7.36103432836113,5.16227724144403,1.77205520587252,-9.70343481493389,-15.3146267336131,-24.2338175803838,38.470697908196,35.2109008723792,55.3556933523886,39.5881614944932,59.6103314948475,90.8256948251084,93.6681270835064,70.6610896173388,47.1017836339876,64.0730905508663,51.1230099633317,44.0549623945065,-22.1912608871895,-18.1967371035891,-14.6417862275103,-3.24053857957027,2.39035078668817,6.59473135961628,12.0101795828841,9.21894120282395,5.86852522641736,-6.13291293524582,-11.9562794816207,-21.122220932002,-15.7383977444705,-1.39853285954328,13.3328374330888,-0.493057601747497,-21.0631906661899,-9.01157597420279,4.90064627176897,-7.74866878089149,120.579897660871,154.554186341729,255.154911525954,162.297884148186,-18.4015608977103,-5.1639913401308,9.27461738177478,-4.07355573014972
1952,-21.9738890571739,-10.6963645979781,-6.37863756495284,-0.740959609590573,4.60923056182757,8.93183169675417,13.7300660975079,12.9545239465469,7.78393607165934,2.70354785958475,-4.14202969246491,-12.1454741122303,-28.0248629922951,-16.853621116307,-13.2551177206753,-8.01713481367919,-2.69629195896758,1.14434418372671,5.16035113847225,4.60282344715752,0.839900132229124,-3.19595177337546,-9.65411887800437,-17.8519497739649,79.4218862966289,35.0512647450499,49.5707034871303,60.2869014646315,39.2591454133637,97.918646471582,81.4173835976798,93.6014723807989,96.5642095687876,100.154699707515,59.1404578416822,48.5235605079714,-25.0466184398521,-13.9245532652875,-9.90435248258298,-4.24457511378314,1.16835239023583,5.26405704297191,9.69089312974189,8.93445780136739,4.17948480088046,-0.366461510991308,-6.95397579896586,-14.9400420548496,-16.8839207244514,-0.836788870905278,11.8721405802697,2.11515141292639,-23.0374338963287,-7.98951483110734,3.63583958978549,-4.00339017305024,158.528113436185,149.116750365126,272.937502450061,255.859367117985,-20.0311308790472,-4.32685840204343,7.9631359913604,-1.04698416969224
1953,-22.6614109765743,-7.67059022497919,-6.68708672192236,-0.4115105411402,7.37338357519433,12.4910298137157,13.7494503187891,13.0234763909353,6.70462479401753,0.875955800913268,-7.74253398383978,-10.9339278398509,-28.6852202046809,-13.9837020779139,-14.6606096478016,-8.36883256980071,-1.1761844641083,3.24117678890467,5.48561546780613,5.01726495971282,-0.21939544034567,-5.2725824976602,-13.3611876195526,-15.8124826096461,38.1062206097882,52.233281806999,64.2858708766023,37.7183659122017,58.7572211892886,69.3725283330233,86.9921222790717,69.3194236852068,78.0180011490603,116.364463018072,50.1706280919838,67.7222059193069,-25.6345704958617,-10.8105359754333,-10.6264541280587,-4.27662902156036,3.35558391986383,8.22020092189161,9.86742991594307,9.14207681284507,3.15112541371609,-2.20247215041368,-10.4417774872182,-13.311651339398,-14.1591584379279,0.0915954373772569,13.0879855078134,-0.0539844629696621,-20.1736240188533,-8.06854222723688,4.58135240547454,-6.28438851918614,138.863062924759,160.761457978093,225.684074297302,244.553092259116,-17.1283828420482,-3.84916640991841,9.07656921689325,-3.16437474130525
1954,-22.2069564814501,-12.4581212761738,-5.98349567919176,-5.72217544184742,5.75102823987811,10.6806560851095,12.1664562427046,14.2535222227129,9.02094626980061,0.981192594305817,-4.75020994772929,-12.7164106656088,-28.3512701825044,-19.1086941342541,-14.0513625649596,-14.063301832957,-2.29236014355194,2.00388021816774,4.19716945749499,5.52529430214708,1.09545877891037,-6.08167785283353,-9.96882053201189,-18.3493887226844,41.2087445597534,85.648436353536,32.131761843714,38.5280851565386,44.9295778056968,73.6597319767351,75.5643210683032,63.4184421665013,70.7161891542007,65.492257324915,77.7048998332296,105.22295238461,-25.2728975456779,-15.7343355720941,-10.0740203842313,-9.66634017129603,1.98526139168311,6.6666820423798,8.44913585920298,10.07037171068,5.00431085209358,-2.59533268530851,-7.24407149721008,-15.4083630388983,-15.1996685324916,-1.98488096038702,12.366878183509,1.75064297212571,-21.0908156421349,-10.1356748471562,3.9087813259366,-4.98501320197835,194.579386832596,115.589424805949,212.64249521154,213.913346312345,-18.1062948190567,-5.91836638794807,8.39539653742092,-1.61169777680833
1955,-12.292156929299,-11.8427923689626,-10.0279206432808,-0.997989185527268,3.16394216235,8.76000677096375,13.8212506638129,10.629310911146,7.06422464060391,-2.66549074675871,-18.3607676789183,-22.0230421932327,-17.537034082171,-18.1979127845837,-18.1249985513578,-8.53133323565786,-4.2074213098412,0.106140867145366,5.03931428061465,3.0149720287085,-0.595457220478373,-9.6561036820043,-25.6928028631271,-27.8084999254901,46.1359123098835,40.9677910242697,47.8986756816714,42.7928440963663,39.0368139692435,37.7829563288332,104.308230588645,66.3029452699823,70.567055165541,82.3443133797785,41.8189427671324,35.7808176966523,-14.9684802138156,-14.9657604803151,-13.947536923284,-4.63802439133644,-0.287151153873337,4.81839512490652,9.76796020138702,6.83146773416582,3.19727281096916,-6.10236384904041,-22.010348212583,-24.8480573646318,-12.2837866546234,-2.62065588881936,11.0701894486409,-4.65401126169105,-18.0281118631464,-10.2879176989523,2.72014239215617,-11.9814545885366,192.326655718764,129.728333747281,208.39413218746,194.730311312452,-15.114201244343,-6.2909041561646,7.13927435348645,-8.30514641688475
1956,-20.8743875688473,-15.760604348926,-8.35804005088084,0.00189536611161856,6.11049448651662,9.09713339888702,14.3019519239022,13.1186455024361,7.02010290723658,-4.16713693493973,-5.81805378576346,-16.7683811807209,-26.7228431085217,-22.8876921988561,-15.9652459322273,-7.80072821572857,-2.476717316607,1.0128947359354,5.13802153162932,5.30383306422539,-0.861183265634873,-11.1314750826706,-11.3243001146462,-22.0299922498309,28.0747356976846,50.5022573872966,42.5851901051965,47.7984969730764,40.871840265465,95.7114807716341,65.0133962262568,86.5428132466944,64.9959212123063,74.8692459274456,121.013181913639,97.4118654743045,-23.8504037210394,-19.3569348680354,-12.2058896241835,-3.73034616879539,2.11883029452185,5.38860956208334,10.0664942539539,9.28010938213654,3.06453954263402,-7.50753123896117,-8.43075127988412,-19.31187623082,-19.552678037002,-0.748550066084201,12.1725769417418,-0.988362604488871,-25.8063450776226,-8.74756382152096,3.81824977726337,-7.77231948765055,114.357810781634,131.255527343738,247.267690244585,260.878349053391,-22.6851319845689,-4.605801832819,8.24507106605793,-4.29124765873709
1957,-19.3216999308389,-13.4097105282794,-5.12090244188584,-0.0176638602708249,6.09545743697251,11.3701950206276,12.425826858205,14.7643024142553,11.3902507816053,2.20643625232206,-5.56808570839455,-14.913740076644,-25.485041473906,-20.2387439799702,-12.9598122372827,-7.14442392303614,-1.65439244225353,2.60641505871221,4.10291913183847,5.78229203738074,3.57317720940726,-5.19594686146925,-11.1362856991391,-19.7905836304784,18.7245562460335,53.1272396110612,23.4333386732447,46.8421061005731,44.4638433710251,83.1269548981815,90.5819306337335,63.3763508736256,64.1678764049545,48.2168381035857,75.5703501749704,59.18869589611,-22.3678046952938,-16.8553722935182,-9.23563837022987,-3.53107507839942,2.34417465892217,7.26486317674583,8.53694227152753,10.5592479326577,7.39154159708503,-1.80075915856873,-8.286104892521,-17.2688263607871,-16.4999305466131,0.318963711605283,12.8534414310293,2.67620044184427,-22.5845925679024,-7.25287620085745,4.16387540931047,-4.25301845040035,169.263661331399,114.739288144843,237.085236405541,187.95506468351,-19.511684406544,-3.47417959656904,8.78701779364369,-0.898440818001569
1958,-11.2316199929391,-14.6524028654183,-6.11688262494269,1.95678793029412,7.08527752488299,15.2365261082111,16.5827364533271,12.1184500520069,6.23587275554245,-0.281913927818257,-9.8409097805827,-13.7405185481895,-16.4306775765123,-20.9048112544723,-14.0402121676843,-5.77337219997655,-1.19681366673928,5.49142328138948,7.3815381180953,3.97693523725894,-1.23035104982838,-7.03228013831249,-14.7866683801015,-18.9237444295025,59.3372076606267,34.6579807835085,24.3829345645711,37.5257610600862,43.1114368444764,47.7963823679887,58.7343646540237,59.1177558850577,73.9093565850203,122.152172289269,55.5986670776918,68.9524449419764,-13.7760110765658,-17.9093259293468,-10.1006927863424,-1.76453801805091,3.20802285102364,10.7865656355186,12.3202523317174,8.26274325948855,2.49777551823728,-3.58564256114825,-12.2738387784124,-16.2918679826009,-13.5992543116671,0.975060943411473,14.645904204515,-1.2956503176195,-19.042024153821,-7.0034660114667,5.61663221224791,-7.6830998560808,153.183884340245,105.020132469134,165.64850290707,251.660195951982,-16.3180544555666,-2.88573598445657,10.4565204089082,-4.45390194044112
1959,-22.4586458535551,-11.7067956761262,-5.05291310810166,0.172530225229224,4.26136015392533,10.2031246525706,12.4512743675663,9.01126766303042,5.94377481274505,-1.91985530773192,-10.7588103772418,-10.3083947079565,-27.4889619710025,-18.2870693094981,-12.0900819534282,-7.11834938312363,-3.17229761532781,1.5175032620814,4.64067631659626,2.02331736613023,-0.304900829656656,-8.31943502576481,-16.3965185413796,-14.972358150325,38.3740156654774,48.8970660598257,71.5011774741198,44.7721246192362,53.8623290720699,81.1904290293559,76.5058044063728,105.255716817007,78.2694395038716,94.7075807319999,88.5245716979748,103.925502871379,-24.9812430876138,-15.1209505090846,-8.68947912637423,-3.39279082926381,0.708113866781496,6.2044586330199,8.80003704650018,5.54253979391773,2.67669062455452,-5.02491117789405,-13.5194328577648,-12.6075135517785,-15.9686533592903,-0.206340909649037,10.5552222277225,-2.24496362407624,-21.5665919033344,-7.46024298395989,2.72716564826929,-8.34028479893368,156.223526667279,170.135631165426,262.951950252736,261.501591933846,-18.7980205264331,-3.79138536295218,6.84901182447927,-5.28921780370146
1960,-14.2504222580386,-9.23158620080718,-8.92132118263097,1.50709768978209,4.87315749598098,7.93478072626358,12.251441219687,12.0514982403911,7.08726432946887,0.232327652750122,-10.3978814528016,-10.2565727100173,-19.3289502736733,-14.9654265507697,-16.1211849183637,-6.3626723133868,-2.33634301092181,0.468724595905129,4.14554096675267,4.14853012963128,0.0329501512301058,-5.76354760273403,-15.7340896904695,-15.4122362161015,51.1478532451489,40.3361354514824,63.914109120653,42.795867616535,61.6182096853607,63.4123723376991,81.2988172659252,74.6120063923158,76.040696257723,117.469165742775,54.6217166093215,80.4579222187192,-16.7559221546308,-12.2573499091829,-12.6395803741327,-2.31664755601107,1.43770691464601,4.48144660574704,8.45917729778435,8.21444689895112,3.42159832841425,-2.66508797651828,-13.0086308380799,-12.7159319310738,-11.2634677222675,-0.847021998955965,10.7459067287806,-1.02609649019419,-16.4222449915894,-8.27340008089078,2.92093189742969,-7.15489571399115,195.409491568011,168.328186422549,219.32319599594,248.13157860982,-13.8735952051974,-4.50617367183258,7.05169026749417,-4.08404016206131
1961,-12.5417205386893,-12.1839879807108,-5.73474325587163,-0.0674684707378179,4.93936944255872,11.2370691822584,14.9465359953269,14.4313548815417,6.83914203139161,-2.20432196572251,-13.1182267761049,-18.4617370839959,-17.4588937260805,-17.9525652880602,-13.0496322782321,-7.56323387928033,-2.88112434554093,2.62266171200045,6.17972011539344,5.51966046832776,-0.998910002856597,-8.99883399093559,-18.5068131822748,-23.3909220218054,55.0127373128487,60.5746352062177,41.8615843926395,63.8430304406411,59.6364971289012,79.1373663818882,46.8871558458935,67.9015690002151,75.7384199449469,173.104653681186,67.452293996122,66.7137297913149,-15.0211544765115,-15.1387296046292,-9.54608555158886,-3.66532833833768,1.18193446696446,7.20816150330319,10.8935695620317,10.19130595476,2.90805874907731,-5.50317640281816,-15.7047975586092,-20.8372590611341,-11.6607604098058,-0.287614094683576,13.538320019709,-2.82780223681194,-16.9412317434141,-7.83133016768444,4.77401409857388,-9.501519058689,196.045294737786,165.341111962182,193.926091227997,316.295367622255,-14.2919386707382,-4.00982647432069,9.43101234003165,-6.09997173745002
1962,-14.9040960087069,-12.2023435989713,-8.06120625997602,0.211876393448856,4.13483133712956,7.75507460672441,13.9588263350597,12.3746809608885,7.11314439716901,0.366451370513563,-7.82729246710039,-12.8189534473177,-20.7565596611328,-19.1563514647828,-15.8588166569273,-7.25236101288004,-4.03989545064331,0.110280950812809,4.64093011721534,4.55451569891286,-0.272282945941213,-6.21690239261538,-12.8957851167263,-18.0464142973432,103.881095202703,13.9663779820175,47.5510168957922,54.7876134988473,36.2042854155575,90.6304180244378,67.6411078952262,110.774034202779,90.1767028432684,86.0803691733473,63.0372594493726,83.3021624145701,-17.6964327155864,-15.8410761800556,-12.093899166025,-3.44391336580131,0.35306184291985,4.173922358017,9.69481219141656,8.54017143557733,3.31198414103721,-3.02866605599909,-10.2791824664151,-15.3202482738422,-15.1893922305581,-1.23816617646587,11.3628606342242,-0.115898899805938,-21.101277715907,-9.0503577068169,3.10190892231367,-6.46165681842763,184.561202976036,138.542915810197,269.045560122443,239.294331465988,-18.1249226522587,-5.06158356296881,7.46963532833696,-3.33195479379232
1963,-12.6721405600716,-8.10931019894826,-7.21155875745608,-0.00649731295462408,5.11567297277686,7.7881500780658,12.8603139667759,16.4480665530089,9.6973076841035,1.53861943595208,-13.6908171284184,-11.9970662362675,-19.3798254364193,-13.5970292608094,-14.0943537015274,-7.86473601973404,-3.1585431698491,-0.187307315496716,4.50002582065279,6.49414222134119,2.65469559068651,-4.643066349856,-20.2847756493379,-17.2596126702651,95.7361305361314,70.9023965254181,43.6738335938206,47.2269401066808,30.5675011261334,56.1765546641573,94.1253062714793,24.4287279598009,96.3510257856323,83.0535899514028,68.6071512690062,69.4788616812577,-15.9387743040938,-10.9885525943662,-10.7406051281287,-3.92610494636326,1.18982166759862,4.07265168164015,8.91306721174521,11.7310237711524,5.97073805767731,-1.71951185428228,-16.8649730446674,-14.5494311973925,-11.2001347354459,-0.700794365877947,12.3655101992835,-0.818296669454263,-17.007756331524,-8.37254429703686,3.60228690883242,-7.42438213616912,249.94068947612,121.468274826635,174.730588895438,248.011767006041,-14.0825250574341,-4.49229613563112,8.2389142215126,-4.20458228042413
1964,-15.5763487930685,-6.62565000519553,-9.48593104756301,-1.24151357570681,3.72559623003917,11.0007850544383,12.2529641229692,11.5333650673448,7.49049612826872,0.893751325974846,-11.5759912974028,-22.5545851366904,-20.892894939778,-12.6381175256652,-17.0934177804809,-8.97404392839838,-3.91981731740593,1.84135480027313,4.1963873241753,3.61622386971543,-0.474599011271899,-5.82801704816945,-17.5041003045927,-28.2027420520178,41.8225438863757,77.6176999029249,54.3629871303138,47.1474203555756,57.6817237143281,49.2653103890075,109.001876149341,84.8187043089679,45.2026637377092,91.0045835799591,51.1214815993122,63.5658072802806,-18.213088228071,-9.62071975072225,-13.3444479777937,-5.00143029986165,0.0336357480687361,6.72621294030747,8.44353115452862,7.66951173710128,3.35719762227621,-2.58489830410742,-14.4898697084951,-25.3273581014084,-11.3996883448438,-2.33394946441022,11.5957047482508,-1.0639146143864,-16.9302083785694,-9.99575967542841,3.21798866472129,-7.93557212134468,188.919105470558,159.192131200217,243.085890847316,187.32872891698,-14.1277463920619,-6.10408084319553,7.61308527731246,-4.57252346344212
1965,-17.5455831988834,-13.8370707849435,-5.07649314473413,-0.0600363657169489,3.75149265752399,8.63923014766514,14.7036901558307,14.6851725040431,8.31666270557541,0.517490961586817,-11.7079747341129,-16.7358781257963,-22.4045314003155,-20.334721711803,-13.9460151925286,-8.45368437138498,-4.35573157960975,-0.214159973574206,5.21492964663886,5.80453124845398,0.719859280461193,-5.77445779485848,-17.9841524657188,-21.6942207432518,69.4643956892693,81.3307383039303,20.1611402098217,43.0013913845381,50.0276166307911,53.6681341865066,41.3609529798626,60.3315699508435,49.9053173899197,113.206911135385,41.270875847385,52.0043114237912,-19.8737390956951,-17.0743458098785,-9.53109558408251,-4.09603590230842,-0.0229538463655352,4.56422278500328,10.4137409727156,10.4278322512282,4.38597153123638,-2.66901229109071,-14.8357484851349,-19.1587247250198,-17.9790797068391,-0.461678950975694,12.6760309358463,-0.957940355650239,-23.6473317213788,-8.91847704784112,3.60176697383955,-7.67958366003869,214.36094127348,113.190148225151,155.360657117213,204.383104372689,-20.7584810023274,-4.55002844425216,8.46859866964903,-4.37292974832974
1966,-25.5743193176158,-10.911485448083,-6.21257024519948,-1.1388146298852,4.24428366958571,10.1542250242448,14.8791308465717,11.4765368292842,8.13686649650524,-2.10449462524307,-14.3742276428619,-15.0331447861796,-31.5822715692798,-17.3280388577658,-13.6968746699006,-9.800494106248,-3.52407825338876,0.849636355720115,5.54478342219224,3.36262654042856,0.468440603553149,-8.69354475938322,-20.6363433567743,-19.3436243234932,40.0708050860803,48.5261785455228,49.2786121842828,33.5140507296766,66.6092625274707,50.3910163569964,66.414337181773,76.6432586586521,77.8007195959829,97.9759959697119,64.5943896374624,59.9656505222103,-28.6729865152724,-14.1718901584659,-10.0841471255959,-5.34212363089839,0.536195885713505,5.89884449681326,10.6163697732643,7.54757613226941,4.14695291542427,-5.43654191722802,-17.2806618932838,-17.1354869445467,-17.7405609638317,-1.03570040183299,12.1699642333669,-2.78061859053325,-23.5348437234325,-9.00714900984577,3.25234877278031,-9.62048250420147,140.601295055394,149.40192544143,193.448612197422,240.371105203157,-20.6678671329194,-4.96335829026025,8.02093013411566,-6.19008363169583
1967,-19.4105151989916,-10.8004052427483,-11.2406029631921,-0.155249663294417,5.22976864670275,12.4410309711488,12.5031177614578,14.2353276721425,8.47788830647299,-0.637363074897177,-7.71976163299667,-14.5981050119352,-24.4997274292437,-16.8336573898112,-19.1328781947437,-8.36068588087314,-2.53720040990612,3.07032941528082,4.00495671223098,5.30768591388399,1.28433327643078,-6.83429967673408,-13.7573832983602,-19.9099660243069,53.037966249258,63.4857620715491,30.5580041227232,28.6849348457443,36.678221598022,37.1546635754661,73.7933152975994,58.4467354346591,109.506002333077,73.4675495500649,56.460142561087,47.4328102696833,-21.9618280710527,-13.8251265337259,-15.2724478371696,-4.18629090707656,1.62101153458067,8.23835565089348,8.57930736328712,9.99680237458837,4.7831213543962,-3.81858827341852,-10.6661658693478,-17.1516779130856,-15.0813550759732,-2.05536132659458,13.0598254682497,0.0402545328597155,-20.2256697141827,-10.0102548285076,4.12765734713193,-6.43578323288783,176.489378843017,95.9211605664895,169.394714307725,239.433694444228,-17.6408138497751,-5.94590906988851,8.93815512958966,-3.23387759612337
1968,-18.5159910752595,-10.1354936312964,-3.87849050701722,-1.32446197129023,6.1340654734711,10.0957732838974,13.9747405799321,12.4729291558719,5.73962841242439,-1.65232192144051,-8.3738314638573,-21.956819415999,-24.7190686946284,-17.0853039650258,-10.5400832763039,-8.81486879570554,-2.57541807160776,1.30644746669196,5.25235518237106,3.80872505456587,-0.551332178651928,-8.41758775031159,-14.1657043181747,-27.0249150660555,60.2230824215482,41.925050761461,46.5917197397906,48.2655371779574,35.6195976634443,57.9983712082731,95.3831616850105,66.3893484205045,115.672123566931,77.5755124829417,68.2423145006516,30.448278801825,-21.5420617180934,-13.8687444896601,-7.32666379009363,-4.90725665556176,2.04277871758032,6.12836827679581,9.90468867472521,8.44529957413975,2.44397678944127,-5.03754363802325,-11.2906914296712,-24.4624032557237,-14.4165299061637,0.310370998387882,12.1811476732338,-1.42884165762447,-20.5714462279871,-7.31012338120572,3.4558425678763,-7.71154141571274,149.580943452692,130.476854581192,219.770881313788,261.489950550524,-17.5208280402797,-3.39704724269169,8.15945217522026,-4.62808609275107
1969,-28.8309736118873,-12.9460654569972,-4.54958440187766,1.22936370541537,6.16267363026299,15.266648729189,12.1280469042267,9.96427844942598,7.02504693145459,2.6190511174597,-6.47052163777092,-10.4166297108804,-34.2330969806255,-20.3857043436121,-13.0908897664913,-5.92142636807699,-2.13169774993806,5.35357201010218,4.23883463684068,2.46310520392143,0.507799515680083,-5.30835625905123,-12.6784243488493,-15.0383905424667,19.7711847070203,18.7843092757033,43.3002665393404,49.4492427634951,49.8144775500618,49.2818783601729,84.1034994512154,100.333273917852,81.0302547773934,54.309046264837,129.56763377933,45.6882121088538,-31.6370573388306,-16.9538374439694,-8.96279048269995,-2.29398156496571,2.22062568707544,10.8005432640645,8.44106374138964,6.2424098129357,3.60294789027677,-1.77312058588859,-9.42315731030453,-12.6390957039119,-21.2446194949611,0.9474843112669,12.4529913609472,1.05785880371446,-27.2145721300977,-7.04800462816877,4.0185039502881,-5.82632703074015,69.0037727845486,142.563986852897,233.71865172924,264.90693482156,-24.3510993461746,-3.01204878686341,8.49467227279662,-2.53111000197212
1970,-18.3005417061094,-6.16145646813856,-3.74165309130843,-0.083064901603377,4.48512933316495,10.1668864822886,11.9919658291174,11.9247010148523,6.26266357540631,-0.0280650437208491,-10.5451703154693,-17.8776398511894,-23.3630429939928,-12.136457128972,-11.1162219395051,-7.52650949075648,-2.82115429098854,1.71727202555132,3.59248183059526,3.62480925776168,-0.656862883128613,-6.45040500190473,-17.3724993063923,-23.2964133865782,43.0270801104218,41.3362064938733,47.3200961328731,42.9707970613158,62.1245284243682,62.5711340154834,59.7252351666585,73.1407590812906,102.701243759561,88.5373112717207,29.6043840204053,41.1235449649535,-20.8164405287899,-9.25513073579138,-7.53756458435977,-3.73236823224236,0.990351539579728,6.20972968405644,8.05745586907758,7.86152387073285,2.64660839503439,-3.23329348016364,-14.0024589245764,-20.4537223098547,-11.6262092950428,0.220137113417715,11.3611844420861,-1.43685726126129,-16.8459635551438,-7.15462857375005,2.97818770463609,-8.15992239714188,130.051498713149,152.415421618557,195.437128263432,220.842939051687,-14.2368889894977,-3.4265270923408,7.37623647462229,-4.8630480032352
1971,-22.037778369072,-9.3509016594506,-7.98734974202019,0.156739121058204,4.58989872011098,11.3099290495136,16.709626228486,14.2357930767672,6.61207830112697,-1.27406204394446,-9.37029825598568,-20.0204032954154,-28.3272378780089,-15.4350663914578,-15.4512756435892,-7.27347119838113,-3.40131746618208,2.30377752836546,6.66875664453543,5.24138858623529,-0.0801374785040231,-8.3182494114938,-14.8608147194479,-26.1349505840297,62.6980148086983,39.6883092153208,41.5494876500167,58.6333795536607,53.0311908117568,83.2705039047319,39.8782573568202,75.435035072201,82.6953866678197,75.6750202892096,62.6879655350902,41.3622937770549,-25.1938442374061,-12.4501507971223,-11.7852879682572,-3.49638590730251,0.847681687449594,7.18656620834641,12.1483449805976,9.8385078791052,3.09076749673394,-4.83202078832305,-11.9757842157881,-22.9679099724773,-16.4221066265707,-1.08023730028367,14.0851161182556,-1.34409399960106,-22.3529058853483,-8.70868810271748,4.73797425304539,-7.75306720314858,143.509868988973,153.214058015434,198.583796333753,221.058372492119,-19.3659057814611,-4.81133072937005,9.72447302268309,-4.57234583579241
1972,-22.1848966480057,-17.6279922750966,-7.26173509668715,-3.15675225049826,6.07345793291535,10.2993758436392,14.006315636242,12.8974642366813,4.75938340662701,-0.96047159566321,-8.30573229463382,-17.1156427651757,-28.5470062939991,-23.7033163494937,-14.8041147735485,-10.9796371849015,-2.851090246546,1.59901099721517,5.36808254342191,5.2462219316772,-2.25824678697976,-8.03397127785761,-13.4827192917523,-22.5183027014231,49.6474405126729,50.3435955585485,55.8214589102036,51.3262952513266,38.8481998407342,63.6750037516025,73.0144140258035,87.6714508071145,83.7190190364804,109.280281863436,50.0852382995934,57.1541392286468,-25.3260649009047,-20.6960132696178,-11.0244003424022,-6.9701610370607,1.84433823868079,6.26444873617931,10.044168650273,9.18209569475345,1.19407323243835,-4.5548165879219,-10.8870900422146,-19.7729262743613,-19.9444307395059,-1.44834313809002,12.4010519055208,-1.50227349455667,-26.1284244091741,-9.54494740166533,4.0711051574381,-7.92497911886322,141.353329848276,145.995954002264,224.36086858452,243.08453919951,-22.9966627143333,-5.38340771359404,8.49690436040192,-4.74927779923271
1973,-16.2727309430658,-12.9418276429025,-5.23347356376275,0.617026487642927,5.01302317067324,8.47549199423409,12.2719737931954,10.4715602378277,7.06098634656637,-1.80123531110252,-18.3424016113366,-14.5053809098569,-22.0883586627298,-18.9567443865183,-12.1726702954833,-6.62956154610872,-2.1915326870634,0.842138807040831,3.85263334422435,2.87550210934817,-0.714921921744225,-8.6734846497972,-24.472735022864,-19.1406508734018,66.5858005830695,52.3642727123014,43.2382820332458,38.1867115748397,64.3737675010478,76.5417256409678,61.6906711520351,74.3395692561818,77.4615301439215,64.8851039370354,30.9639103482129,48.6152800734052,-19.1595520266109,-16.0424068255116,-8.81293364086381,-2.89968198879223,1.55421647052219,4.87172105810186,8.33634272856102,6.73245938180819,3.00720129837946,-5.24721088706652,-21.3611648206626,-16.784532563919,-15.4434004503813,0.132192031517808,10.4063420084191,-4.36088352529091,-21.1878019168904,-6.99792150955179,2.52342475353778,-11.2870471981351,176.104212524018,145.798761109133,212.571966049185,173.31054442917,-18.3249617088279,-3.38613305304461,6.64684105615702,-7.8670581364499
1974,-21.5238325169784,-11.1410883483778,-10.0941610183893,0.329472368114643,3.88390151562502,8.30550688346529,11.2045931850096,13.3228359453578,8.32227866957849,0.114860877882433,-7.31474371940011,-10.4024018615069,-27.3589991266132,-17.0222010697098,-17.593228925468,-6.84898345657779,-3.32788247978783,0.0918719111150894,3.04804706866221,4.76522735127629,0.242253826731044,-5.65910533242428,-12.2868714807,-14.9024454519927,46.7340037602133,61.155761254,31.8331235403948,45.118766128337,68.4866794893195,63.6598213483474,135.932876258144,68.9095030187503,79.5940171569321,155.201979179648,72.2279245910838,83.4749668587297,-24.3643818116158,-14.1166180706145,-13.9992914293504,-3.26237160389911,0.489912503121602,4.49371637375636,7.37173346149604,9.17989009165492,4.23011578159824,-2.72595907038981,-9.73592285164107,-12.6223054427762,-15.723433925071,-1.96026237821653,10.9443120046109,0.37413194268694,-21.1739503565749,-9.25669828727789,2.63504877701787,-5.90124099546442,156.505045087619,145.438569158051,268.502200625242,307.023920927664,-18.4218441487164,-5.59058351004265,7.01511330896911,-2.74392204681088
1975,-16.6624652496309,-16.0252562119178,-7.77057306132314,-0.0731052766081367,5.02310127251355,9.10990244595875,13.7236461503424,11.335616500432,9.42343143729732,-0.134568716938549,-12.4200854083884,-15.6433868728512,-21.6979467327906,-22.5743766066693,-15.4581528344535,-7.64303375657823,-2.87031821359349,0.961175397062657,5.67548177871943,3.40401699849144,1.31740197933105,-6.60896925516757,-18.2817773099786,-21.3127387972084,59.8459245212782,44.6059152412173,34.7149825440613,33.8167309510239,40.9561088248351,71.2829278956801,89.5541981006908,76.1384301179564,59.7263195626485,54.4373934217581,59.1622612515632,82.4191673179694,-19.1562646184735,-19.3996946500433,-11.7986683954304,-3.74111018798855,1.34229434920651,5.33275279663361,9.84350285013366,7.4692477095112,5.18663740139652,-3.51623116909842,-15.2738015730269,-18.305955449589,-14.3633744410185,-0.940192355139239,11.3897216989111,-1.04374089600989,-19.7249229304842,-8.65716826820841,3.34689139142451,-7.85778152860503,187.926806621225,109.48782231992,236.975556114327,173.32597423597,-17.059421570431,-4.73249474473748,7.54850111875949,-4.53446511357627
1976,-13.7647331078243,-13.4038806701945,-6.71610961597606,1.38682240903329,4.4396691839913,8.7678025469505,11.7562952212357,12.3606433447625,8.69019968152348,-0.139957469688289,-5.94169775350315,-11.8433691381048,-18.9723496736229,-19.3263898802347,-14.0864729820851,-6.37442929319405,-2.58348863575579,0.573612619588606,3.76473576240289,4.89541366780401,0.706178417525382,-6.95700003650554,-11.4473744818164,-16.7181258283187,92.4550090863526,55.21312534794,44.5907060619543,41.5103827284316,72.4403119806403,85.3767239923562,93.4797227361507,94.906861598954,79.9586241876822,86.988553163821,72.175449878695,78.1206733198372,-16.3184323933339,-16.4134647915723,-10.5018838160543,-2.47139492628745,1.11218490963156,4.98116400902111,7.98500443320764,8.76833115587972,4.56023799010192,-3.60542336978541,-8.71200487535112,-14.2336997118588,-14.2706668836233,-0.296539340983825,10.9615803709829,0.869514819444017,-19.8704927836887,-7.68146363701164,3.07792068326517,-5.89939870026552,230.087301752262,158.541400771026,273.763308327461,239.122627230198,-17.0126175448317,-3.95369794423672,7.24483319936949,-2.58573008501154
1977,-10.272648845562,-4.82520755487099,-5.89463387526033,1.62760020315745,5.34660047154014,10.4035344751238,13.1954544595288,15.5895172164165,7.31089368392684,0.0809528089015339,-13.1167312260665,-20.8315996489144,-14.8634857558781,-10.4136004159357,-12.9775985128828,-6.05118583733894,-2.23693888600456,2.11955382213698,5.20551819169212,6.99833679185054,0.258979737265531,-6.12540504464783,-19.3024900222459,-26.0776507277301,51.6796068290038,56.6698900631928,48.2978392451133,45.7258792694077,70.8737265202482,85.1619553221496,120.902790991828,56.8112710824635,63.5593690110703,95.7232433966962,61.3409178217705,30.3658474763839,-12.5449062053997,-7.70119938892708,-9.53019900874946,-2.08973789119506,1.74570788196894,6.60459970239979,9.4510675376359,11.5562346452996,3.71855695806759,-3.09014684099202,-16.1488377392216,-23.3497230846468,-8.98040851284594,0.359855599812418,13.0628353836897,-1.90829491107938,-13.9984040000442,-7.08857441207544,4.77446960189321,-8.38963844320941,186.470170212034,164.897445034769,262.876017396441,220.623530229537,-11.4932684353952,-3.29140967265853,9.20396729511176,-5.17347587404869
1978,-17.0318677407254,-10.1823935300225,-6.18346087330497,0.8684407936196,5.04416325706422,12.3589581897428,14.9842615456938,13.2833047908824,7.59623036984973,1.63817646816583,-10.4150322765603,-15.7320052365689,-22.4132610645584,-17.0950560358238,-14.3471883745399,-7.33229368766451,-2.81043608319164,3.28708454347611,6.13554824916091,5.10925695201894,0.420302559706915,-4.1956784344067,-16.2676099961853,-21.0399272644323,26.1909867741158,30.9510077112679,38.7086610401236,29.9198551830683,42.7862414147313,51.4216498035291,45.4874375377167,90.3129850926659,71.4861616000476,136.850391576499,89.478767590831,65.7328551758378,-19.766668246575,-13.8255229074843,-10.3482219089573,-3.06361736151029,1.43048561227255,8.20185104871809,10.8547225923139,9.32672088529976,3.91122856641974,-1.31587240255065,-13.2320683162626,-18.2290907347308,-16.0152869732208,-0.090285607540382,13.5421748421063,-0.393541812848247,-21.8619892760375,-8.16330604846535,4.84396324821865,-6.68099529029501,87.5078419617676,111.414757637923,187.222072433912,297.815320767377,-18.9806380795687,-3.99378455273169,9.46109817544393,-3.54557071746452
1979,-19.4121529357968,-22.5750007099072,-3.38777976259306,0.922314957810764,4.02412787945858,9.23923886169801,14.7542155577656,16.7517482950358,8.89737213757102,2.30311717029158,-4.53305022896318,-12.8764304596511,-24.674578098592,-28.4230961953732,-10.1587516933642,-7.65729897330469,-2.98057415929167,1.29568334696791,6.73812182105993,6.7944082643917,1.9995614182374,-3.69015289072528,-11.448906940879,-19.3479176731013,31.0160782258622,45.3488017935566,58.9964826853405,18.5961468724395,59.3912655355359,89.5417345951114,110.485408421554,23.384970261268,86.5979252538451,60.7471769693082,51.5462844852259,94.7475047359297,-22.0511601711558,-25.5912238321679,-6.85871223971266,-3.29639740821466,0.733270982256803,5.56711679791467,11.0192390592681,12.1423200031197,5.35591722161026,-0.990364273883134,-8.26347237440117,-16.0466565402893,-19.2397196274243,0.51955435822543,13.5817342381665,2.22247969296647,-24.7125338527992,-6.93220827532018,4.94273781080651,-4.37983280445563,142.097735195257,136.983895093316,223.412113277933,198.891386708379,-21.9571582460182,-3.14061288855684,9.57622528676751,-1.29930647555801
1980,-19.361827994783,-9.1184361390439,-6.49450546831686,2.13318688966852,6.95434833568591,13.6163100295043,13.2167278145203,11.3373112012225,6.04696174683604,2.15641969059359,-5.58077876694755,-20.3260685061925,-25.2506577911184,-15.7989838192823,-14.114043268263,-5.34661402365403,-1.33260853571355,4.85507976942541,5.95895244370018,3.60265307520317,-0.588141611138659,-3.72344871658563,-10.9334978025374,-25.97801152714,40.7704022435332,40.8653679619271,45.3262343678638,60.9275577911406,52.2640494230582,82.4669459400975,128.453408863759,73.1610495436781,101.915059614242,109.684551355654,78.7609816836465,84.172325255753,-22.2224455632184,-12.6320211434092,-10.368360495386,-1.50431288567877,3.05051483246484,9.62140736724185,9.76564122130209,7.63089091971951,2.66578819165735,-0.92837477004487,-8.2289954160254,-23.1852912570436,-13.7855648644926,0.864343252345854,12.723449681749,0.874200890160692,-20.1325197611673,-6.93108860921018,4.80556176277625,-5.08169604342055,176.38327494139,158.517841582063,284.081404347535,290.360592653543,-16.9670410823057,-2.94071951619998,9.00597983608782,-2.16386066480431
1981,-7.36236601984848,-8.62398911172144,-2.4905822511446,-2.27458260064344,7.41155156331829,9.82986341176982,15.3817096303473,15.2879870305799,7.73304188002198,-0.385895913399566,-7.22136906578816,-17.3939307107672,-11.6761043606602,-15.0644338835026,-10.2102861204981,-8.94643593106433,-0.718498218978193,1.68286005703671,6.48182457107555,6.29041714596129,0.904736124641287,-6.3018792492393,-12.547026145292,-22.5396773340735,53.8828374713999,46.6719194818359,40.675110932992,75.7343050584442,64.6411380616733,92.4412361406101,47.7372727732544,91.7088527353091,95.5767112122742,85.937703718855,83.4110572244429,32.9844572290268,-9.56509917271908,-11.9775672892654,-6.53240356162776,-5.56129247228395,3.54447124665902,6.05263861424569,11.3002917851936,10.9604341393792,4.19697654106804,-3.33190304634431,-9.7787223709098,-19.9342275805044,-12.1041412125875,0.882128903843413,13.4998533575657,0.0419256336114198,-17.5728499237676,-6.62507342351355,4.81836725802452,-5.98138975663001,184.727082208989,181.05055405311,231.887361649174,264.925472155572,-14.909319239676,-2.8497415957509,9.43778817960619,-2.97121629206203
1982,-24.8615830032242,-15.4216339107702,-7.0047099574626,-1.99972528756044,4.12473855197963,13.4418534852555,16.400970183549,12.039086104648,9.92223175631126,-0.0400368038375543,-12.2915093064761,-13.7999130327288,-30.3456058127496,-21.4551826037079,-14.2446851715238,-9.48273299719444,-3.03492633758666,3.69903045498644,7.70988230507334,4.46971197596294,1.77502054315301,-6.49291447390471,-18.2789126128449,-18.2905924948752,66.7460664705632,34.5475647059684,35.721832320113,45.6199234577488,55.4522280137046,32.2233924859679,68.4328986948736,92.0764881304462,60.4412671996916,92.274198117516,41.1728383833011,34.4282196432314,-27.6295657967735,-18.5620120641397,-10.7941348992373,-5.70881744209442,0.800221349574256,9.15422187479277,12.4038383489326,8.38787592178817,5.75655501989541,-3.32159090057633,-15.2224805344496,-15.9660594130952,-19.2257158749205,-1.6265655643478,13.9606365911508,-0.803104784667481,-24.780155250177,-8.92078150210163,5.29287491200758,-7.66560218119888,134.278088405558,136.793983791566,192.732779311288,193.888303700509,-22.0419351471392,-5.23424366391916,9.98197871517118,-4.26250547171017
1983,-13.3593427852382,-9.62340349918385,-6.48476149700818,1.89988216387151,6.57908200629112,12.4573940728403,13.640708587771,11.7101588618619,5.12392990470537,-0.662123280348109,-10.0840014276698,-21.2655403162288,-18.7739175668385,-15.7465645617254,-15.0873440777545,-5.97843746314031,-1.37355225441716,4.46154031152359,5.77497243301421,4.00344896587544,-2.05333773833576,-7.2737599397869,-15.8119821651203,-26.7061803343934,62.0752760279164,32.7153684503679,17.9959623396623,37.3161931473039,56.0347758614669,101.833737021617,118.130217520759,82.3867065087622,81.6060927019977,73.2522637091662,20.6277995747154,11.7027999007052,-16.0705144792153,-12.8448466465954,-10.9666254419187,-1.90148244927701,2.79946346150146,8.74348902373713,9.92805903530544,7.92508260129522,1.46453417925662,-3.95492109823413,-12.9250216224197,-23.9836647867099,-12.2608864390503,0.664734224384817,12.6027538408244,-1.87406493443751,-17.6036915411464,-7.47977793177067,4.74665390347108,-8.37969328108097,129.218864121516,111.346931348433,302.350661051137,175.486155985879,-14.9604735129686,-3.35621480989807,8.86554355344593,-5.13846951379906
1984,-10.85004608335,-6.92015972820374,-1.82261883980194,1.24728015079257,4.78268487818648,9.58653031536986,13.368437003349,12.5399654729738,6.16826667170145,-2.62884567197887,-12.5587676459845,-18.5132257491161,-16.587262647989,-12.7002359917258,-8.96948715005689,-6.01751387557452,-2.49597666822311,1.84177300068213,4.68844737418477,4.60153509551808,-1.00863513456485,-8.9810766198487,-18.6570159721133,-24.84231673538,85.8863368644763,64.2790033735703,37.368124754861,43.6159777719863,65.9358079635901,89.6067713482449,77.3488822732739,102.141656764409,61.1096224972202,82.7188145936064,43.0984908987512,51.4652907996426,-13.6368684137124,-9.90730712516529,-5.55547606144266,-2.23296636575922,1.42596925726856,6.02394682010317,9.32551003624278,8.64144049379006,2.38086516034145,-5.84865262256743,-15.5479206942182,-21.6562623539503,-13.0119153759275,1.4024487297257,11.8316442638976,-3.00644888208732,-18.664559658036,-5.82765923128484,3.710585156795,-9.54890924217561,161.868140138752,146.919910490437,269.097310385928,186.926927989578,-15.8426134418625,-2.12082438997777,7.99696578337867,-6.3385693854814
1985,-7.722507869185,-13.2520133143595,-5.65830467730118,-1.10743451549528,4.89747481472219,9.74585413392657,14.4975807751388,11.9040392543578,7.24785647155063,-2.62729336902667,-18.2378336209308,-8.88096069511503,-12.2173251171982,-19.1061717152444,-12.4951178207144,-8.41716080768027,-2.54317273698278,0.859903340260362,5.76981615867225,4.21389718054403,0.264889754728545,-8.66058434166382,-25.3058143145533,-13.5393436190747,82.4732331226383,69.8924549807463,53.3359746277257,49.2740019706417,56.2197522138008,56.7830736785183,79.5031100685303,73.8822520839851,94.7122781920342,72.0315070013281,33.576373648432,61.9441298211633,-9.91316684087118,-16.13086958137,-9.1295161821392,-4.64134018213479,1.36120920921461,5.63799294942685,10.480703588221,8.1429412312834,3.64292714355029,-5.64048289027267,-21.6717693275372,-11.1452696208567,-13.1625823108869,-0.622754792691425,12.0491580544744,-4.53909017280228,-18.7219378559409,-7.81848378845914,3.61453889315888,-11.2338363004962,203.830978903027,158.829728812168,210.168435831034,200.320158841794,-15.9000995920638,-4.13654905168646,8.08721258964375,-7.88977502475319
1986,-10.5006938524573,-12.611254356962,-3.65332495325796,-1.95999233132383,4.33325446015684,10.5548838234975,14.1806197477686,12.4961713053881,7.9504860240697,2.29322519995114,-11.1407058702827,-9.46187916401825,-15.0182395102256,-19.780721524218,-10.7587275796668,-9.58968312507649,-2.98697160718987,1.53145999311799,6.21645528916624,4.15734598404139,0.149321047250413,-3.39014561559311,-18.1361132390297,-14.2515335926085,67.8374903489126,36.1067107177053,70.9233600056821,54.5391227368015,56.8411066075846,51.7180051011882,116.113605940448,63.9030423013279,69.4689376151758,122.485179441812,69.1345949602067,58.9176601780383,-12.7332136318258,-16.3956730175381,-7.29879694194999,-5.63014101327387,0.944522224694848,6.46510827307163,10.4381666931363,8.48470088382486,4.02489789403696,-0.727113834978251,-14.4198890010365,-11.7746426297685,-10.6643029681781,-0.426687608141651,12.4105582922181,-0.298998215420611,-16.1127682178394,-7.77846077064438,3.96842042210854,-7.12564593579079,165.888330887781,182.303589350068,231.734653342964,261.088712017195,-13.4247187567402,-3.99480524350967,8.46265861667759,-3.70736831399259
1987,-11.0174911336452,-7.83897863768504,-7.59700475493387,0.984667684387585,5.16878718618511,10.0874415393187,15.0927803918285,12.645676758655,7.81566157176883,1.37964579048834,-5.84598693285605,-11.2296366721807,-16.1513190970524,-13.4807609961816,-15.6212917474135,-6.2191190494104,-2.15152684655237,1.67554705281752,6.92405296301207,4.49336096310117,1.35001472258145,-4.67834346375991,-11.4623810148058,-16.1244931326771,61.6802300911288,49.2224665534209,44.1486450577266,51.2389905658209,75.5801590156797,92.6452023224535,106.532003053996,79.8823016943889,107.938723313944,83.8623130844271,83.0778843462089,53.8125259338374,-13.5171640440538,-10.7456085497587,-11.7110370989837,-2.53209396654885,1.74586510570919,6.25471499490496,11.2891295157156,8.77546463138099,4.48267034670921,-1.80144216923195,-8.5099591652099,-13.6030120752912,-9.43944964511615,-0.481183294787057,12.6086328966007,1.11644014313371,-14.6278712286141,-7.9973125477921,4.36432032631026,-4.93023658532808,169.820356822588,170.967794639227,279.059507070839,274.87892074458,-12.0124717411937,-4.16575531994112,8.77310304733384,-1.94291032924422
1988,-16.2340649491783,-10.0628662059516,-3.15275035949639,1.55095945006426,5.91134188833785,10.8228989782518,11.7870754370671,12.9784680964527,7.21600293314276,1.14598080240504,-8.99238178666554,-13.0293836638955,-21.3310973795346,-16.5450269755906,-10.2942836263485,-5.87388776527914,-1.74346622980015,3.00980648493361,4.75600078091951,5.19467859683117,-0.15741662109443,-5.12860181227005,-13.9075165032132,-18.1821075851624,48.4136910450625,62.0332525906605,58.3835683884276,50.9362180181631,83.0468769726191,87.6377064918837,144.016819490982,74.7852738589539,78.2302113111179,95.791397884016,84.3281738380364,62.4504410564824,-18.8300266338392,-13.3324262681872,-6.8080240216092,-2.10511502309015,2.26190867656385,7.21645493440906,8.40118548591327,9.19612068134267,3.39177165443183,-2.19647465209816,-11.4297933347325,-15.5368290492941,-12.5088559424369,1.43651699296857,11.8628141705905,-0.210132683705914,-18.0002058292674,-5.97054587380926,4.3201619542281,-6.39784497885922,164.25946956956,192.36666337921,306.439799841819,258.34978303317,-15.2551549924392,-2.2170767893785,8.271253700555,-3.41149877746627
1989,-15.766694335732,-13.7580309353854,-9.0724813117916,2.80745989333086,7.04413749769694,13.8400310515149,16.4330367532822,16.3004528672372,9.78480376799901,-0.195111486282654,-10.1876608839658,-9.05867286205896,-21.4615123788667,-20.9797896870491,-16.8582184302641,-5.83631910487575,-1.15005203266016,4.68249110377562,7.87855819356834,7.64562252051515,2.55236373239059,-6.85228867175386,-15.7025248227766,-14.051725595774,103.389719263833,6.48138113408638,39.0314919975774,22.3284990322152,50.633654295265,64.1800484989684,94.5212938510571,67.0299811568702,72.7030260644485,92.9825058176793,86.7666999613831,84.6434256447283,-18.5320602224807,-17.6578499609073,-13.0944722753363,-1.46160002842844,3.240377047497,9.64290291493987,12.4430791896559,12.1625582650587,6.10808119630363,-3.53947749844228,-12.7955911937624,-11.4541657233873,-14.1847029783376,0.259705359745398,15.5245068906781,-0.199322867416464,-20.2078032170261,-7.94819652259999,6.7355572726197,-6.66748325404663,172.321541454402,111.993645325058,225.731323506896,252.452231843511,-17.2422464108941,-3.77189841875591,11.4161801232182,-3.40899583196702
1990,-15.1568750513219,-13.889976764662,-3.36840538910964,1.53301294537276,6.44021198825016,11.8509857452112,16.3667150769095,15.0662795701105,9.63657641654459,-2.71472780141689,-15.2856663610545,-16.3827014047988,-19.7756767819892,-20.3179659009433,-10.9840120093753,-6.07154099818872,-1.39442314184308,3.69185817512744,7.17629664989025,6.89145381675965,2.36504009129723,-9.61137706150876,-21.0464559985355,-22.4475690046342,53.2241374168106,54.4668195945682,39.6538637983784,31.909265951512,84.8723428614995,71.7291655570684,63.2503794457372,59.2781333971688,62.8144042047711,87.622850316559,68.9381728867312,90.5660837908359,-17.4374235174955,-17.1020768404913,-7.30916009029357,-2.21612838390508,2.75958895542827,8.04970542733358,12.1793710961088,11.1223942587584,5.84051088134405,-6.0889714840163,-18.0864135242989,-19.3056720684085,-12.7018415593476,1.53493984817109,14.4279934640771,-2.78793924864228,-18.0484560929022,-6.14999204980237,5.91986954725911,-9.43093098958236,192.334382656107,156.43547261139,194.257678399974,219.375427408061,-15.3312220271247,-2.25523317292346,10.4504902607336,-6.11162470899039
1991,-16.3316231547502,-6.08034141745102,-6.13769224746901,2.46107798480978,6.95531380779248,13.053443011751,13.3409012865053,12.9960157221563,8.23171196181058,-2.73190215148398,-8.31279133186594,-10.237672780101,-21.6418432029028,-12.0652894985842,-13.5040612803968,-5.27590075592276,-1.19156638569713,4.05799984594415,5.59605259819402,4.99851019722994,1.91867235551986,-9.61730539779851,-13.6397948863388,-14.8887614557196,46.9940692251324,63.6593285199203,34.5332073020089,28.8656281077212,51.6297030074213,76.0525458931772,83.3941679206336,93.6351870716902,98.7369121943137,103.110583489083,103.262858645846,120.64941883208,-18.9719023021606,-9.19135967905531,-9.95077464154465,-1.33473306413326,3.17799064112271,8.96664939392051,9.67462756697216,9.09382300307391,4.94728131544335,-6.15127564400386,-10.9290293376558,-12.5571462082168,-12.9315553256667,1.09289984837775,13.1301200068042,-0.93766050717978,-18.7182339020404,-6.65717614067223,4.8841875471227,-7.11280930953916,201.219481535889,115.028538417151,253.081900885501,305.110354329243,-15.8229780165415,-2.70250568818506,9.24503332132219,-4.04434122207209
1992,-9.78812755544225,-10.4942205348093,-2.61484014551676,0.250310225933266,3.80772966362833,12.0998230352903,14.5365922317305,13.5034016164537,3.14280762936075,-2.89665314058083,-7.84276929765902,-18.8833452730578,-14.1512714731678,-16.3740643074002,-9.95943202325751,-6.70549963877379,-3.35994602045871,3.06206201097936,6.24203844122938,4.76587091325883,-3.53632893061315,-9.24567020883729,-12.8041172447616,-24.5480281001261,79.7882954521324,49.884141898125,43.7975927768098,60.8795336341374,57.569124822532,32.8538316791955,51.2347072962724,59.0429556898593,128.507281114847,70.9730302583431,69.243208712347,54.8233456412196,-11.9198436202205,-13.4975391047687,-6.42874657397639,-3.16473575992036,0.445703172390546,8.04208398301565,10.7390023236492,9.36682687146431,-0.164453523021211,-6.08040848395433,-10.247942058608,-21.6026120101242,-10.1733402901175,0.481066581348281,13.3799389611582,-2.53220493629303,-15.1380324120959,-6.67495922749667,4.68999045515586,-8.528705461404,250.321856182338,162.246251233479,143.131494665327,268.723520085537,-12.6581763110687,-3.04925972050207,9.38263772604306,-5.4976013551945
1993,-15.9216201997377,-9.60401226223195,-4.62332102374961,2.75293032282506,9.19826552507093,12.3596835085799,13.9610840064038,14.274117794327,9.20019021218569,3.38908400593755,-7.09122855226652,-10.1432534957113,-21.5734763580583,-16.5732514341521,-12.8985407953782,-4.67583372452413,0.319174298824114,4.34541156072658,6.03981831473392,5.71626116798102,1.74875157113755,-3.05341514835491,-12.9758814742508,-14.9088028954916,73.4708734356405,67.7080037043877,32.5708293159349,30.8343791064201,50.5702497756678,110.238143599381,92.5098344805274,56.7839070575168,70.4954472748499,96.0043490818396,94.7710794647082,67.2903357981427,-18.7424689242746,-13.2291246907944,-8.86195575571483,-0.908596457284669,4.97783955921988,8.59108621263534,10.2744458522482,10.2218789158363,5.43252244098062,-0.0511765748442632,-9.96018525908957,-12.5242367997973,-14.8029925783425,2.44262494138213,13.5316284364369,1.83268188861891,-20.8982519641122,-5.75173340702607,5.36716368114717,-4.76018168382271,196.002222781248,113.975458198023,259.531885137425,261.270875821398,-17.8580685417311,-1.59757088459321,9.69580366023996,-1.52627979765107
1994,-14.9534233929389,-19.3289450539987,-2.5375753833956,2.27492825101006,5.94394558045956,11.3317497939211,15.6146852145177,17.761862257361,6.87877259765137,-0.0118466818499594,-12.313740405293,-14.7479943661031,-19.6768045525134,-25.2038247558101,-9.61938734244938,-5.09814908533949,-1.97811954906065,3.35945271594681,7.19441415499825,8.4352642386604,0.569292336053726,-6.25186644843927,-18.6996624191753,-20.1807396856098,72.9209703051394,29.3007011480053,55.3337904941598,42.6996358450224,45.5841532249112,75.6204107668917,118.863837616827,62.4550750258607,129.881315730522,81.4008512950216,66.9196548558611,50.6285403415429,-17.2877771398112,-22.4029995473468,-6.20623665262387,-1.3341406673746,2.280410316159,7.62710371124352,11.6312258824498,13.3226605019189,3.68465564551268,-3.17448748737459,-15.3315016171778,-17.3690170830798,-14.8085406475496,1.89376614935801,14.9027657552666,-1.81560482983054,-19.929810734605,-5.56521865894984,6.32971036986849,-8.12741217718695,169.512007251287,143.617579564093,256.93932340958,278.201821881404,-17.4050044956518,-1.75332233461316,10.8603300318707,-4.94044448634657
1995,-13.3129309668136,-11.3800413179458,-6.66954008122512,2.25529786673863,9.44204743615504,14.725606526561,13.6443661711213,11.3196877263798,12.4488039303415,-0.583695835757067,-12.2292738394441,-16.3547913079328,-18.1076371799706,-18.1187671557428,-14.6390376894797,-5.59131045679176,0.0330820425916789,5.378558046394,6.32210551313725,3.64665151887936,3.69327748635564,-6.80039453094752,-17.2649614901597,-20.533234817749,17.9041952796762,44.9837325232715,40.0963596874619,25.5432359725048,29.3629776150253,72.1520117015138,99.4103809611728,89.4184163689462,45.3847552101271,63.9178147902205,78.4324963162305,50.4943337670146,-15.7709000725559,-14.8024114220768,-10.7350473431127,-1.50988725452573,5.12394408618915,10.4781708777026,10.1568201477386,7.60515598505169,7.98656999716622,-3.84904798507363,-14.6959675857172,-18.4032629300735,-13.1469888836208,1.67593507388952,13.2298868080207,-0.121388581619887,-18.802381340441,-6.73242203455994,5.11577169280354,-6.79069284491719,113.516468144491,95.002573274992,260.980809031633,187.735066316578,-15.9807761925708,-2.37366350381642,9.41338233683096,-3.51948185787486
1996,-23.4087603998728,-9.36773459418796,-7.25484885906161,0.122137238601439,4.05588825926284,10.3917848650267,13.8316149800751,11.9751275678853,6.28989687002959,-2.13642463727896,-14.4765068730776,-19.7394380669177,-28.7244795931005,-15.6424266784363,-14.6515256902262,-7.24882567842953,-3.79219581998057,2.04730305376466,5.62260989552064,4.53915180920308,-0.719276625707897,-9.14141313945084,-20.3296857671895,-25.208365357874,49.8279145969637,65.5239712560434,54.6652486303158,45.0586995857901,38.4748087512525,75.5162784621138,92.9108209011673,97.2114326189377,74.2904621155694,77.0864882958706,34.2764972431729,38.8401980774786,-26.0968310177251,-12.623501704824,-10.9886639095531,-3.53235880559587,0.430487987596026,6.6059730138691,10.0340376001498,8.28535783872556,2.70787489693007,-5.60948934854879,-17.3620990954424,-22.4309608368215,-16.3770954339979,-1.02560778706578,12.0661758043291,-3.44101154677566,-21.6333803630953,-8.5641823962121,4.06968825282946,-10.0634585107827,165.846219620022,138.198756967358,265.638531982219,185.653447654613,-19.0411985508742,-4.69684490918432,8.30845615091483,-6.75457118235372
1997,-17.0732713476938,-7.09082860661097,-8.79292295333022,1.31629650857015,6.27067710376251,12.0969508603045,14.0692673293054,14.5669310766783,8.94226898387056,-2.9121056062489,-8.13563048386302,-8.7777682680292,-22.9181005172101,-12.70236846476,-15.8259217893216,-6.84622742075128,-1.58267027060999,3.76525851965236,6.07214927915082,6.13289914909084,1.82740716216673,-9.26528184873221,-13.157440572486,-13.4268737860657,42.4967256604643,55.3996858463843,52.288626651498,49.3165681570655,47.5554331270612,114.26320416604,101.082748203979,98.500466642271,86.9052330060604,90.0189862897943,32.4530324446384,96.0900347800914,-20.0054399722429,-9.96065181939472,-12.4000602398535,-2.68500827025316,2.55429928945983,8.25857677179446,10.3183816796775,10.5537236049601,5.33405324406152,-6.0230590154001,-10.6919551457742,-11.099899542649,-14.6345126737408,-0.401983113665852,13.5777164220961,-0.701822368747122,-20.2762781132814,-8.08493982689429,5.32343564929801,-6.8651050863505,136.736609584327,149.160627935625,313.84641901229,209.377251740493,-17.4656842094864,-4.17692307354895,9.71022735214405,-3.7936536390376
1998,-18.8739190243647,-7.76670919662797,-5.0799788932761,1.13229789657014,9.23050543881306,14.2399899181455,15.5758886290443,12.8573091926835,7.55082167939995,-0.901955653593177,-10.2846477435116,-16.0811895396471,-23.4014490381998,-14.0099337253583,-12.926676580359,-6.16852511592087,0.235732196206892,5.50810587079959,7.49464774796567,4.82524035832312,0.405955545906997,-6.80255386350424,-15.7200909812188,-21.2275030558553,27.8824552232624,22.9609710130704,28.4510927414864,48.1527564120685,38.9376621161728,65.4883684495556,84.6168246897757,72.1201443853487,67.9501639198139,104.47200228204,25.0677539507548,53.8141052061161,-21.1998284896517,-11.1249552318503,-9.13430160759973,-2.45728752259619,5.05746371257512,10.3042550327207,11.7733013995549,8.92314991045209,3.89779729051654,-3.81762007807398,-12.9853750642564,-18.6561236003808,-11.8061321630073,1.76094148070237,14.2243959132911,-1.21192723923493,-16.9460855165412,-6.28648983335765,5.94266465902946,-7.372229766272,146.933461016424,115.541511269728,222.22533752468,197.489920152609,-14.4748944213837,-2.1780418058736,10.3335687809092,-4.30173261727127
1999,-16.2374937715639,-11.7198968985235,-5.35289198241382,0.440303751014177,3.22975291095613,10.5628203437658,13.9892157408372,14.32762850177,7.51650554478093,-0.121972872971574,-8.67347579182177,-9.73179646491702,-21.5606816177586,-17.8309525183398,-12.6395252869005,-6.7603651762613,-3.18676175900562,2.28495513168618,5.52703424421327,5.8342542827356,0.759594819964711,-6.10983628206456,-13.8590370242889,-14.3789996568996,71.398164498942,41.1267079539474,32.4786195449805,53.0606053129348,87.5788835542435,76.8131001524448,68.2678007414737,66.9969072100176,78.8692431183973,105.402923177253,70.3041683433929,93.6252805011203,-18.8068347451654,-14.8478131239858,-9.1328558477612,-3.05196222289954,0.173962759368716,6.6950474920646,10.0780803623157,10.2938541474602,4.0627948388725,-3.12033143099948,-11.2504752416574,-11.9837960920406,-14.6795267365782,-0.560945106814505,12.9598881954577,-0.42631437333747,-20.2063790639846,-7.52888407405582,4.54874788621168,-6.40309282879624,166.338977659005,173.118108412159,212.077808103936,254.576334639043,-17.4369238231773,-4.00361843709734,9.02232733394685,-3.43600394459481
2000,-17.473958476868,-9.05033354704824,-4.22651745535726,-0.769516619500569,4.01554871135343,10.1611099791617,13.8104388757653,10.9704288353787,7.03059651888671,-0.463228575444755,-6.86644398863929,-14.3689901135267,-22.6913200705979,-15.7736229805892,-11.166633264949,-7.96447461533758,-2.92143530065157,2.10689657090435,6.04085028144154,3.94314831411242,-0.0685098875651587,-6.99956271433861,-12.0910432185359,-19.6412517308282,47.7700582451089,21.4195084532555,57.7850061360421,50.3768452770054,55.2920481938071,57.5819076361614,92.66057835423,111.726603211861,98.4871721956666,74.7498900065404,62.1337230423104,52.0775161505652,-20.1734032434505,-12.670843297991,-7.82627106558989,-4.24377985211433,0.75670790309456,6.44642383470206,10.1821131039557,7.49664278020574,3.32065344491607,-3.82899020050433,-9.38933672318743,-16.8566468677593,-12.0853628296111,-0.326828454501467,11.6473258967686,-0.0996920150657786,-17.6146475693623,-7.35084772697937,4.03029838881944,-6.38637194014656,162.814847199485,163.453899606855,261.969089202252,235.370785244517,-14.9426808778274,-3.77111433820322,8.04172657295451,-3.29922449292523
2001,-8.61453666433182,-11.5774156204195,-6.54004843978752,0.191791728601806,3.50224435515584,9.84893817321429,12.866561301232,14.1467050741532,7.54829554252223,-1.11648670401332,-10.127388585203,-15.1559828052956,-13.0233167728695,-18.6844108053336,-13.610608385543,-7.51856530029964,-3.19356366924605,1.92603462976102,5.27321475398631,5.7598636278597,0.597046478093438,-7.17460808139035,-15.2023009320176,-20.0192030582138,70.5194296637415,39.0636308951674,50.8030553927742,40.5775478224639,73.5403837486818,112.240110992026,91.7593692929422,78.6412890032973,88.4240197621673,79.226431986225,55.7689557516681,62.6071832503354,-10.8243636409593,-15.3050245649461,-10.1336655329691,-3.49970151710794,0.307430229691592,6.18084397666506,9.34589068506607,10.1458591858093,3.94378870703662,-4.24713122970816,-12.6320020144732,-17.5107097142247,-11.5203141327593,-0.948670785343292,12.2874015161998,-1.23185991556471,-17.1163264363438,-8.10757911836288,4.31970433720234,-7.25995417843816,161.660576709474,164.92098696392,282.640769288265,223.41940750006,-14.3286783578882,-4.44197894012848,8.55753128251346,-4.31178151238159
2002,-12.8597737807587,-10.0670247636972,-10.7951085013922,-2.26068990728098,3.79253001623115,12.0188384999643,12.018216843463,11.3204692472221,6.56064109369187,1.30274366937646,-4.58659723072451,-10.7537687737377,-17.5968011280732,-16.1909398059579,-18.3402643146322,-10.3344408350752,-4.03965532072416,3.40396873052887,4.88860206587384,4.38829612524186,-0.179385331906709,-4.71329208740112,-10.2020156862467,-15.8858278702723,47.7520259614226,52.6061970450277,29.8502525730278,25.0300272061042,52.3396617704471,68.4264784995443,119.429168472725,96.7451112370074,71.0696897428148,65.072611629283,71.39841390895,43.6319951427905,-15.233649231484,-13.2520323972134,-14.6267559727788,-6.21135675331728,0.0935540308772529,8.09961737911435,8.63604820295885,7.97648447113647,3.10781478352065,-1.86763975564658,-7.38936951118126,-13.2205200722613,-12.6942604499171,-3.087756130814,11.7858415302165,1.09226251078127,-17.935647997415,-10.9047868234772,4.22695564054819,-5.03156436851817,162.965406256786,107.219941549579,284.600758209277,207.540715281048,-15.3321304476407,-6.91485289840629,8.23738335106989,-2.04973149443573
2003,-11.9316717351495,-9.71527161540792,-7.75403979414996,0.566584072219373,4.42107191052127,10.6952754402266,14.852067774995,12.7624992068729,6.27901128322566,2.44072889320753,-10.2334704840289,-12.0186745476813,-17.27482719506,-15.8000644942502,-15.2118754610514,-7.36544939471439,-3.66332520427561,2.69583340636567,6.6058652314472,4.39562252355581,-0.256970775749237,-4.66474355203873,-16.785667774644,-16.9519537770401,91.2687851986806,29.2832342880307,56.3984979803571,25.5056271803847,42.7452188710598,88.4411514473203,84.3662281284163,65.9067938699469,102.488012742331,72.8836839848749,66.7969306310018,74.5725173968326,-14.5194251943753,-12.9362164358071,-11.4824759452515,-3.34117386623401,0.754176237772719,6.99547435373483,10.9792347255013,8.75398661640056,2.88153837722002,-1.2361074373514,-13.4735532013938,-14.4741053748947,-10.800237374765,-0.922127937136438,12.7699474740315,-0.504576769198571,-16.3202398531942,-8.74688335334712,4.56577372045623,-7.235794034144,164.184014629502,124.649344031802,238.714173445683,242.168627358208,-13.5587205674812,-4.68982452457094,8.9095652318789,-3.94270742050839
2004,-16.8753334397146,-6.65612473203807,-4.5165512110986,1.74450279497033,7.15185722758868,16.7372387665759,15.8179481005336,14.9876857810147,5.24775892180711,0.196398328902359,-6.11563052816838,-10.7454888495807,-22.2064092706214,-12.8473673871564,-11.7445265452067,-5.64745213652292,-0.721054580016671,7.01639870914521,7.94811523959739,6.48326029817377,-0.895821733867658,-5.86857594630866,-11.7129400874121,-17.2878551718853,65.1483127445322,34.2644275509964,74.5880168980065,47.9391717261084,49.6277980922293,65.8619325937578,108.188953034627,68.8690494602624,104.718788476951,70.4620917239268,87.8398289432695,101.448335177394,-19.5336382893706,-10.0050649277309,-8.1650083424625,-1.86279051890331,3.51408296349699,12.2850712211413,12.1363329814867,11.0031007252567,2.11458725710969,-2.93898841308624,-8.88614462302816,-13.9368756183049,-11.8500442398113,1.4599362704868,15.8476242160414,-0.223824425819639,-17.3352434782726,-6.03767775391543,7.14925808230546,-6.15911258919614,173.985257692361,172.154986716344,242.919935088647,263.020709144147,-14.6709361973321,-2.17123863262294,11.8081683092949,-3.23684859300157
2005,-15.3701073174543,-8.17429944929515,-3.15417977172235,2.26106121289562,9.34131686985422,12.9365798729756,12.5813412414002,13.312866551039,7.33343464531788,0.598667306550747,-6.02431821641813,-9.55045453473189,-21.1359282863457,-14.4028807586892,-10.1366977135643,-5.33331851632876,0.284890253846284,4.60909909877338,5.42052198551756,5.50466018544064,0.803897914247108,-4.99295615949709,-10.8768037976119,-14.4489094168514,85.1932766023546,53.8334977240012,53.8388192559981,41.7641230294309,47.0126810762819,104.49156239489,99.4188714045536,84.0638902335415,77.2099166901544,76.580951187245,100.427411810074,51.6869953005033,-18.250125734525,-11.4170643465903,-6.78910266121682,-1.50823417346227,5.16391634908762,9.09250556115717,9.15958091401329,9.57806769334469,3.94244909203562,-2.30950479228128,-8.4218321610313,-11.9425279943058,-11.4299652054434,2.81606610367583,12.9435958884716,0.635927911816832,-17.6088880723068,-5.06170865868224,5.17809375657719,-5.02195401428729,240.47510950375,142.615623361711,287.974324032985,254.218279687473,-14.5346885664734,-1.04447349519715,9.27671805617172,-2.26296262042565
2006,-12.442348226546,-10.5667413618175,-8.64423990179755,0.871198635008499,5.35936143081305,12.6845590088455,14.3217174693357,11.3331571962444,8.25261425215595,1.1676089900415,-16.6042928523437,-9.50605130361816,-17.8037589953124,-17.5750632026199,-16.5072707918358,-6.58120936721903,-1.78613892338909,3.81644471292886,6.38494536676296,4.09616899092803,1.46159475638339,-4.70423973556632,-22.1975108336738,-15.0295793109671,64.1108811641978,35.4328698900414,41.5740548908635,51.7622556517182,88.3346879714946,68.952737495171,87.2384602748547,83.2293080848433,91.7346242141965,76.830492193708,56.7072278531634,98.7492234676661,-15.0694133404392,-14.1166840868758,-12.6496693522909,-2.73604882305638,1.9840274164064,8.67750261769322,10.6463591398999,7.74082406890709,4.77391619090075,-1.90689390648745,-19.333778093674,-12.2201335144587,-10.8531813743651,-0.804559945325334,12.7798112248085,-2.39468987004876,-16.6092438715946,-8.29153969414798,4.76585302353995,-8.48005193761889,151.230746354743,181.670998514076,239.420505854869,225.272344261068,-13.7095418072069,-4.46723025298029,9.02156194216675,-5.48891860308691
2007,-10.9207371618358,-12.7883908455514,-8.67347350446519,0.136366924922731,5.62927173983296,11.8655705910521,14.0953896526148,12.8783821696262,7.11954992666784,0.0395828116102264,-7.49227416817529,-15.1484997680432,-16.3775633408845,-17.7828451384459,-14.9050389529785,-7.0877043788424,-2.027138583361,3.96258534988771,6.38205108472414,4.92064989298695,0.651218769065292,-5.17574292532769,-12.5273446447496,-20.5135051926128,72.2936150577434,48.8328238621411,97.7572518186726,45.2977671677622,48.9137125686094,114.018089062361,138.617988499398,76.7569232754532,99.0410725807509,102.933563186491,36.8319201137025,44.8125963531369,-13.6115247428191,-15.4048472372449,-11.8357377868188,-3.40015942651598,2.04994197660312,8.15704809233112,10.4257130583581,9.06469059171785,3.80744926649378,-2.63766918664544,-10.0116834523409,-17.8433701097588,-11.0717264370018,-0.969278279903166,12.9464474710977,-0.111047143299073,-16.3966625967658,-8.00662730506065,5.08842877586627,-5.68395626700399,219.875662387551,191.968731555044,329.393000837212,238.806555880944,-13.7455018315076,-4.39531841224389,9.21581724746901,-2.94730112416418
2008,-14.6802584547809,-11.4503505239015,-5.24028054591745,-1.03396511286083,6.93450538667582,10.5307823495493,12.8720077916848,13.1766255325691,8.07107889393512,0.642900243824363,-6.41914193288757,-18.1146122804915,-20.6526259170286,-18.1414888935548,-12.3668649199647,-8.64674356319152,-1.04599568254413,2.01503786637834,5.02949506386227,5.23417654574031,1.36234957701556,-5.03877484107199,-11.4269791358022,-24.0548186302185,54.4865037648548,58.0729404172668,46.2218341352973,52.1904969946664,63.1903957045426,90.8702876389555,90.99568169259,77.5365785857419,67.6103427902676,116.540463779967,82.2836502610655,61.2094899039758,-17.6374830888402,-14.870625771195,-8.88257155082978,-4.71328078635912,3.25379413804421,6.57936547747583,9.13648480377119,9.3574017652314,4.58871289573628,-2.25005301678814,-8.85025117930653,-21.0925918211653,-13.7597029155752,0.220086575965846,12.1931385579344,0.764945734957304,-19.7692066677321,-7.35320138856677,4.0929031586603,-5.03446813328621,157.372040535258,161.602726834506,259.402547917288,266.4344568313,-16.7838263232647,-3.44735273304823,8.35775068215947,-2.1705304334528
2009,-14.3912001538488,-11.9063766637229,-9.28456753592452,0.474234800286649,5.72650975931946,12.5722802014707,16.6452158023196,13.5561300296294,8.62139400437531,-0.482079583706244,-7.80027651378864,-15.293938348804,-20.2278396339924,-19.004941774714,-16.7438711204456,-7.11652933954437,-2.24790584085888,3.66895625779065,7.41956518654663,5.95404309728413,2.11969981355538,-6.48597777633915,-13.2316452715031,-21.899522704921,99.1958263612368,40.2350639381336,47.2177757854244,34.6323060167455,53.5855785431517,87.6369848523303,51.0339895968806,97.9873001246096,114.171800220572,85.3792290995783,61.9324814239836,30.5452620783686,-17.2812941319136,-15.6103775622123,-13.1115379141613,-3.19564489553463,1.96301626881378,8.49622411325253,12.4488418880373,9.88537623160088,5.26590782512054,-3.56189540395255,-10.5076978502769,-18.5443242348646,-14.8040630326877,-1.02794099210614,14.2578753444732,0.11301263562681,-21.0958666796416,-8.70276876694963,5.68085484720714,-5.86597441142896,200.640380203346,135.435660345322,236.658274573821,261.483510744134,-17.994754505097,-4.78138884696071,10.2768140776302,-2.93456180970297
2010,-13.0223116836923,-5.54853360870492,-3.04442382672818,1.99022139558357,7.68444520657285,12.0813475480098,14.651006720063,14.4716118092168,7.52288833757242,0.995837265159603,-7.76514611278952,-16.7807950287566,-18.224392164796,-12.7133533806553,-10.0818069593837,-6.38557946202268,-0.801706720795207,3.53428199797625,5.69047013501175,6.20883488283033,0.426845545929778,-4.38167071198934,-13.3739543881253,-21.8861264460289,53.5092101822335,20.860678156368,77.1644424944927,26.3564958511952,43.1771244084125,78.4508006720791,51.1865511834999,64.1755555295521,90.4232994860418,101.13812830844,65.9546775697,41.6935520305078,-15.6703551170642,-9.42067026170337,-6.59421663584969,-2.08071275748205,3.83548109640615,8.1597398080791,10.4878558484396,10.4960575907554,3.84950847106207,-1.76820796182616,-10.4498525681907,-19.3280322397616,-11.2882612137337,2.21008092514274,13.7346553590966,0.251193163314165,-17.6124227501241,-5.75636438073386,5.14452900527278,-5.77625985139496,104.91515041697,146.6980627541,193.812907385131,257.516105364182,-14.5451165378774,-1.61314943230853,9.71455108242469,-2.78951735298492
2011,-13.9529556110029,-13.1462887185608,-9.25036264359196,-0.73824299695437,7.82053091076848,12.1781709227423,13.1322185216597,11.0318054735132,7.53402320870655,0.601766653317291,-10.9641389272663,-9.42582539732465,-19.1837206059082,-19.6188330009712,-17.0443664926691,-8.11993883635155,-0.479376856628435,4.07564204919514,5.53523518171525,3.76380422738757,1.06718325501052,-4.80867447657806,-17.1336010952866,-15.0692226324698,67.0191367050239,49.3725839138635,28.662285593526,27.5811891728028,56.2171635114044,89.6338185387721,95.4892004735872,97.0677194196462,116.474027634876,71.0245618838321,78.7112854025663,87.099268092251,-16.5611723859349,-16.3376754424116,-13.2949367823558,-4.2756137511978,3.99121161908888,8.42261710742203,9.50860910278158,7.4412489420863,4.26717146305903,-2.24430947091028,-13.8963906589721,-12.197730060766,-14.6266797861068,-0.722691576592614,12.1140649726384,-0.942783021747494,-20.2295600176361,-8.54789406188302,4.45822715276599,-6.95836410561805,158.085272649395,112.460638277733,282.190738432006,266.209874921274,-17.4089600227027,-4.52644630482159,8.45749171742997,-3.95784288894111
2012,-15.2314121831959,-7.76203629975083,-6.29101194375217,1.56378631508148,4.79889781020596,10.4510526673724,15.4422207323619,13.9109694345067,9.3604436415296,-2.78123152269797,-11.7827510158372,-17.9380315283859,-20.9221636360589,-13.8765162086003,-13.4241313308817,-5.75170573807488,-2.27626177346807,2.94934593599363,6.5320462962596,5.79880237572736,1.63212502774746,-9.18640556145832,-17.6611987396187,-22.454468741012,78.2375113985233,35.394496114535,48.2999493800793,35.1493307963977,71.9896657820437,99.6670236369956,49.7656035157362,70.1315052639245,80.2465228877291,61.8632972134686,68.013444472024,46.7378904375287,-18.0722907976506,-10.9918832555319,-9.91436304203004,-1.9973050129859,1.51656474356032,6.92988755913742,11.4080599390055,10.0036373524083,5.41531174924536,-6.08457527832149,-14.6968776363837,-20.2011159466549,-10.8064246267571,0.0238907271784246,13.268080944747,-1.73451296566852,-16.622634159043,-7.15069961414156,5.09339820266019,-8.40515975777652,200.731275605309,155.438945958521,219.564132416656,210.123264573222,-13.7539680379828,-3.46503443715187,9.44719495018374,-5.12204705515328
2013,-10.2542055736476,-6.32888349441219,-7.56302947570842,-2.45306162066334,7.31115971257761,14.1223920313276,14.6921691210098,15.3013033360734,10.6416837841612,2.69834188970023,-8.37777260493568,-13.3111410051849,-15.5011845780265,-11.7863810622949,-15.091716199169,-9.31928529092719,-0.809950716788894,5.37717637864056,6.33765260833676,7.18212848536302,3.04652054498093,-2.69768271779379,-14.6930723761424,-19.4289182607363,70.7597376221486,54.2266200425809,26.9552994004069,85.0487445630653,53.6720666220584,87.4733219757128,97.0283693306346,64.7375779006871,78.1153068071083,76.9029973045804,67.519715132671,115.569332826274,-12.801845950621,-9.13509794589987,-11.4923461282812,-5.83359767187473,3.51623634782509,10.1357508363681,10.8335462760261,11.3941051273292,6.80166376686401,-0.151400346137164,-11.4335389391098,-16.4415538972775,-11.5070401988152,-0.901643794598052,14.7052881628036,1.6540843563086,-16.5806781271111,-8.40698406896169,6.29898582411345,-4.78141151631844,171.724248102258,165.676110585531,249.239269207035,222.53801924436,-14.0460199477253,-4.60323581744362,10.7878007465744,-1.59442517279431
2014,-7.00372342283735,-15.7930022044478,-8.6335439268967,0.570559624627555,7.54952932375924,11.4257767625786,15.4583046847272,14.5147353217327,8.88292380468625,1.42195762838741,-7.32803637529658,-10.8082525821542,-11.7068870037379,-22.5102901059865,-16.2750716484394,-6.41993892763202,-0.954574040745797,2.8178540715583,7.02257863946816,6.36870304900204,2.09486602476936,-3.73764871597215,-12.9931226328148,-16.1707240876438,73.4534328500581,16.6858190668249,47.5611456622038,72.8703154985745,41.5977457418792,87.326393116563,71.0750120486899,53.9226779738307,101.88918686034,93.6035567260665,45.0734630108484,39.8298471378887,-9.36295435516251,-19.4407251210569,-12.5736464411587,-2.91653549785818,3.61911313854048,7.4927107247374,11.608994504798,10.6419419442293,5.37999040250273,-1.27873492209091,-10.269731964373,-13.3627706036368,-12.0359555441567,-0.171151659503305,13.7996055896795,0.992281685925691,-17.8820317901536,-7.8831948722724,5.40304525334283,-4.87863510800585,205.708584743156,162.029206902657,212.324083139084,240.566206597254,-15.0817444578323,-3.95702293349213,9.91454905792158,-2.05615882798706
2015,-9.26737216760904,-9.59351904084021,-2.77227852018538,1.0646404000414,11.0970896026663,13.2588652997869,14.1476845698212,12.0105604707666,6.24464535344916,2.42928875575201,-7.44885697330057,-13.6044904764161,-13.9866833494945,-15.5625680810447,-10.0285226726109,-5.83097522517876,1.09718323628208,4.96553627463501,6.95223298976705,4.8820635761891,-0.229463116314229,-3.22652232129462,-13.7996963271623,-18.5570741452192,101.225596973047,41.0924808498571,56.7565907205163,51.2075134157681,34.2620232446717,70.0293400713699,105.710633592158,123.177508218811,78.6005868494737,79.3344368964849,72.3988365027086,37.7782540055433,-11.5773225335265,-12.6802428120745,-6.4879644896141,-2.35224042928846,6.48373853225213,9.49292698827382,10.680732239864,8.5305692431138,2.98529451954458,-0.607048079147733,-10.4791099845381,-15.9957415326315,-9.88971459686781,3.12981716084076,13.1390367801249,0.408359045300201,-15.2399918393944,-4.92077155383586,5.59994428019705,-5.75189392159039,182.147924960793,142.226127380956,298.91748188234,230.333860248667,-12.5401119830793,-0.785488795550145,9.56807615708388,-2.70028784804709
2016,-10.2708423521431,-6.1421590037219,-2.27174109320601,3.6521860284376,8.46418948134547,13.5201582126744,15.1513439972893,13.9215711352188,7.65344790255955,-0.817941075276221,-6.19564687571145,-16.6411597133438,-14.878585480163,-12.1157149300074,-9.17602056529283,-3.44105815351085,0.353712535515132,5.02604972262877,7.80714630463051,6.54220633166258,0.925569952277028,-6.68099940876997,-11.6069809006496,-22.5345714587827,44.8072298887565,55.6168570554755,32.6041891296856,53.0642652989038,84.1893163071839,69.1199837752319,94.9674507831288,89.6628692020179,98.039271137107,28.975138595349,61.218385618147,43.3917804834054,-12.5960165511519,-9.26257150133904,-5.88627112689882,0.139217017431825,4.68424198535453,9.63914320734064,11.7205677666289,10.3558153597725,4.19596965313746,-3.92044499945966,-8.94195684159814,-19.608128457015,-10.0058306107604,3.28154480552569,14.1976911150608,0.213286650523961,-15.1837915184632,-4.08778872776285,6.45846745297395,-5.78747011904753,138.202340949775,169.857770735773,253.750303760379,188.232795350603,-12.6181098617075,-0.35427070803749,10.5718421112474,-2.88881072930678
2017,-12.1510059422564,-11.1242376174613,-9.70036837607811,1.41570913672219,7.34414517326358,11.9315189480479,13.4295378837295,14.7919638315534,10.0634440229722,1.05149666476237,-12.3959516224903,-12.8542202779095,-18.0469719665585,-18.8195584947468,-16.9014471087921,-6.23977253547337,-0.379206099580575,3.56315373811878,5.81958078419263,6.29974071896801,2.47441368694305,-4.55858394758556,-18.6283145114043,-17.9890653700279,57.8763260593584,41.2893603954025,53.6148455943747,30.4708929992598,70.2324386483061,81.9149652814684,105.219803859677,70.4855608378073,86.6474823987983,88.6051950478886,46.3177195435392,47.0896997128452,-15.096205070747,-15.1020958804359,-13.3683387154409,-2.29352825828497,3.73318689922524,7.98952869168177,9.77545278263485,10.7591609005239,6.17333045057201,-1.83119466100345,-15.3530481215212,-15.4465166349979,-13.3054677576872,-0.313504688697446,13.3843402211103,-0.427003644918602,-19.800367306696,-7.84014191461535,5.22749174709314,-6.90416159068227,142.557466938166,154.318177241941,257.620329978953,221.570396990226,-16.602143136066,-3.9762266915002,9.50804745828018,-3.67030411065089
2018,-13.5993286297197,-14.3863713124859,-6.24455068467234,-0.506230419896919,8.58047677811084,12.4868809953615,16.5721367636863,14.2911675913857,6.50872815273825,2.1327729668832,-5.06722038032438,-11.2020731754931,-19.1430955945463,-21.4341654124822,-13.9020119151537,-8.01041484090614,0.129992633929258,3.95554741862654,7.33034484420817,6.6177057701202,-0.720812233412787,-3.71120040966682,-9.93745013350014,-16.615878105919,51.7636483564727,40.0795531097625,35.6107719923607,34.6403454226384,49.2288411887426,89.54590935278,58.9974457948682,73.3807078689072,42.5375843700801,78.2728797352964,63.5989339445329,51.3361955093945,-16.3308319613356,-17.8919228114405,-10.1775869309373,-4.21274150740999,4.65138646541993,8.50998678892209,12.3599082509526,10.5893060375378,2.8227213197224,-1.00798707979778,-7.37909023095447,-13.8530825441479,-13.6133067400384,0.609898557847193,14.4500617834778,1.19142691309903,-19.5221087923521,-7.26081137404354,5.96786601098497,-4.78982092552658,138.93290117908,119.479958603742,221.924063016555,184.409398049909,-16.5564238025913,-3.2463139909758,10.4864003591375,-1.85478533034328
2019,-10.7131982047597,-15.4926848148665,-2.23296856889631,1.19646798333534,9.56955450577886,12.6577191815932,15.7195700508258,12.927149046661,9.10294763190514,0.224706009346943,-5.71826930402652,-10.1048033062194,-16.5947465198575,-23.2412426900803,-11.0210535597288,-6.35679022467333,0.760077690442353,4.49392039945977,7.85282177611222,4.61124671489491,1.97549832023619,-5.47148672439375,-11.270249131439,-14.255103948905,69.7110853896244,23.7452274644027,23.1576751221269,44.7199104216011,40.4514636364878,93.6709337911376,90.0423704136461,117.510322772656,64.1874314786817,83.6391488874215,106.573006475229,64.7649963911344,-13.575261340244,-19.4684534462686,-6.79583558836817,-2.51609392706346,5.52289836523947,8.85520815675552,12.0748834667399,8.98801125312184,5.52832592309158,-2.66406445871711,-8.37127262905372,-12.0839246251586,-12.4693187317065,2.84435130673929,13.7681460930267,1.20312811240852,-18.8172891052856,-5.53925536465324,5.65266296348897,-4.92207917853219,144.792508363422,108.329049180216,301.223626977439,254.399586841332,-15.6322657768868,-1.26301038339739,9.97270095887242,-1.83567038822642
2020,-17.3819572626411,-8.54662718730583,-7.51676215458052,-0.0844593983630529,7.77051561645082,10.6892984673777,13.6055754324934,11.1640547720954,8.85052382390762,-0.528456723919831,-9.83712150917609,-9.66730416145917,-22.6113395086562,-14.3253442390488,-15.0538261081783,-7.26454470547433,-0.427816725678405,3.32451172029666,6.28252827142883,5.05941454083181,1.37166057490473,-6.90146636290544,-16.1206780486234,-14.307256933703,58.0193323400084,66.9697209631384,47.95860050477,42.017461153642,58.7267928407522,122.010534579007,110.883494317909,152.587893440092,53.3798203419974,62.2849910117223,97.9948448862866,103.480734946308,-19.9649071672268,-11.4576257458205,-11.3568117857282,-3.61163943009398,3.88955880742859,7.20542137548611,10.1504490737377,8.06540245452308,5.030017078926,-3.78197975055558,-12.8347241614104,-11.903498242261,-12.0111292520555,0.0564313545024157,11.8196428906555,-0.505018136396101,-17.0639292322033,-7.58206251311033,4.8888181775191,-7.21682794554136,189.754049694281,148.702854499164,385.481922337009,213.659656240006,-14.5021525127353,-3.69296413613118,8.4737576345823,-3.86222894434665
2021,-11.2012088869914,-15.4939539048759,-5.77052184148055,0.678450848167894,5.43656548621494,13.9150572664686,15.604263763464,13.0713185726161,7.25617407280267,-0.342130908689762,-7.36943487160106,-19.389404917549,-15.9963917149035,-22.2484319590797,-12.6898321543356,-7.19836149110691,-1.55836010615128,5.37556298882187,7.15252936679601,6.0992091143898,1.04245229816673,-6.08430890797511,-13.3905013811754,-25.4604528216204,67.4330509848166,51.4397172891595,83.7841604230371,43.5023089941917,61.2565278716867,70.2012787995381,70.5946727663241,119.978657456556,94.0257965747848,59.0936929783742,93.1252866020976,41.8942112124918,-13.6351377935313,-19.00941561323,-9.29948254894697,-3.18748849501369,2.15727452648877,10.0165231656212,11.7394363590066,9.58994792713412,4.08282128166445,-3.35125473861169,-10.3711793563212,-22.3327922503758,-12.1208223177755,0.114831497634094,14.1968798675162,-0.151797235829384,-17.5173602025621,-7.14885125053128,6.20910049000256,-6.14411933032794,222.353503220284,188.542997288915,260.774609022419,246.244776155257,-14.8493505496741,-3.44323217249063,10.448635817254,-3.21320427108948
2022,-13.1700534139145,-7.72210099269531,-3.82299459696345,-1.80771684767933,5.2558807442248,13.4549520713748,15.0277110333678,15.7963315745572,10.3821324927801,4.27242189043679,-9.36909141702193,-16.5624033365262,-18.4807563924971,-14.1146372728928,-10.4191754128694,-9.03762562661721,-2.44010742289743,4.39828545484557,7.51911101408104,7.62212617966348,2.673164059192,-1.73195139483958,-15.3936518231272,-22.8010455084391,87.6044584051889,90.2527539817704,51.2994538121048,45.3661537672026,45.33077016741,84.4465187094511,80.5610087035727,81.3235479797247,69.3312035229421,102.56059794009,54.411035378774,44.6026011570929,-15.8133875241902,-10.9916020841804,-7.24104884565254,-5.35791579952802,1.74929727374105,9.31369185893406,11.4799987599726,11.8618810864305,6.4579674019223,1.12291205274677,-12.347337645874,-19.6073458950178,-13.4271864413863,-0.124943566805991,14.7596648931,1.76182098873165,-19.3519488290034,-7.29896948746136,6.5131742161967,-4.8174797195916,219.751423599451,141.996377746717,246.331075392748,226.302836841806,-16.3792606195821,-3.61655579047984,10.8851905684457,-1.5888193970683
2023,-8.18302820813671,-10.4883816447699,-7.41791947971656,0.671234729441753,10.3973189273859,NA,17.8417645070338,16.0507092036222,NA,NA,NA,NA,-12.9801146263405,-16.077213111788,-15.2018236947755,-6.09880340771681,1.23824437980205,NA,8.96223836451655,7.60612135057554,NA,NA,NA,NA,57.7758301733716,65.5945655402122,30.128550152966,66.0036916962443,43.9827435321832,NA,83.0639158558332,63.6520224415304,NA,NA,NA,NA,-10.5463181061739,-13.2722289613596,-11.3881475701834,-2.69758203552584,6.1579389427665,NA,13.7875443612366,12.0106544902569,NA,NA,NA,NA,-10.3933639621553,1.21687805903702,16.1776684404276,NA,-15.4409919168358,-6.68746090756341,7.01427387948162,NA,170.268694593879,140.114985381394,190.221257403776,NA,-12.8784105899619,-2.64259688764757,11.9405595470467,NA
